0 0.0406
0 0.0240
0 0.0165
0 0.0144
0 0.0431
0 0.0070
0 0.0199
0 0.0133
0 0.0157
0 0.0121
0 0.0146
0 0.0140
0 0.0387
0 0.0302
0 0.0259
0 0.0136
0 0.0058
0 0.0173
0 0.0295
0 0.0100
1 0.4111
0 0.0029
0 0.0101
0 0.0211
0 0.0346
0 0.0117
0 0.0232
0 0.0132
0 0.0109
0 0.0176
0 0.0108
0 0.0207
0 0.0411
0 0.0161
0 0.0397
0 0.0041
0 0.0480
0 0.0204
0 0.0691
0 0.0222
0 0.0428
0 0.0374
0 0.0242
0 0.0239
0 0.0090
0 0.1074
0 0.0187
0 0.0324
0 0.0247
0 0.0083
0 0.0102
0 0.0048
0 0.0113
0 0.0451
0 0.0123
0 0.0127
0 0.0166
0 0.0030
1 0.3474
1 0.5354
0 0.0162
0 0.0176
0 0.0295
1 0.1500
0 0.0188
0 0.0302
1 0.1142
0 0.0064
0 0.0194
0 0.0071
1 0.0626
1 0.0561
0 0.0354
0 0.0121
0 0.0313
1 0.0712
0 0.0150
1 0.0879
0 0.0160
0 0.0078
0 0.0189
0 0.0203
0 0.0180
0 0.0094
0 0.0318
0 0.0323
0 0.0151
0 0.0168
0 0.0089
0 0.0149
0 0.0172
0 0.0160
0 0.0206
1 0.0605
0 0.0103
0 0.0150
0 0.0043
1 0.0670
0 0.0125
0 0.0669
0 0.0049
0 0.0021
0 0.0235
0 0.0097
1 0.0482
0 0.0531
0 0.0205
1 0.0544
0 0.0026
1 0.0128
1 0.0252
0 0.0327
0 0.0051
0 0.0060
1 0.0312
0 0.0495
1 0.0398
1 0.0331
0 0.0201
0 0.0153
0 0.0350
0 0.0115
0 0.0093
0 0.0122
0 0.0107
1 0.1035
0 0.0199
0 0.0427
1 0.0273
0 0.0428
0 0.0235
0 0.0354
1 0.0880
0 0.0159
0 0.0379
0 0.0169
0 0.0159
0 0.0332
0 0.0184
0 0.0461
0 0.0139
0 0.0466
0 0.0049
0 0.0196
0 0.0130
0 0.0096
0 0.0144
0 0.0285
0 0.0461
0 0.0045
0 0.0184
0 0.0819
0 0.0149
0 0.0355
0 0.0438
0 0.00237
0 0.0522
0 0.0135
0 0.0257
0 0.0127
0 0.0116
0 0.0174
0 0.0401
0 0.0255
0 0.0362
0 0.0189
0 0.0251
0 0.0361
0 0.0547
0 0.0185
0 0.0124
0 0.0157
0 0.0119
0 0.0329
0 0.0135
0 0.0417
1 0.2108
1 0.2435
0 0.0072
0 0.0115
0 0.0061
0 0.0193
0 0.0115
0 0.0144
0 0.0235
0 0.0104
0 0.0030
0 0.00033
0 0.0393
0 0.0165
0 0.0200
0 0.0092
0 0.0194
0 0.0114
0 0.0180
0 0.0140
0 0.0180
1 0.2232
1 0.1128
0 0.0145
0 0.0462
0 0.0210
0 0.0478
0 0.0359
0 0.0130
0 0.0513
0 0.0317
0 0.0172
0 0.0150
0 0.0186
0 0.0507
0 0.0130
0 0.0016
0 0.0084
0 0.0212
0 0.0110
0 0.0143
0 0.0208
0 0.0166
0 0.0131
0 0.0089
0 0.0176
0 0.0221
0 0.0119
0 0.0082
0 0.0108
0 0.0165
0 0.0165
0 0.0159
0 0.0129
1 0.2968
1 0.2453
0 0.0153
0 0.0262
0 0.0406
0 0.0151
0 0.0144
0 0.0417
0 0.0253
0 0.0486
0 0.0106
0 0.0140
0 0.0099
0 0.0099
0 0.0115
0 0.0145
0 0.0162
0 0.0038
0 0.0393
0 0.0313
0 0.0350
1 0.2856
0 0.0421
0 0.0178
0 0.0198
0 0.0034
0 0.0099
0 0.0540
0 0.0106
0 0.0073
0 0.0108
0 0.0176
0 0.00096
0 0.0224
0 0.0043
0 0.0094
0 0.0134
0 0.0290
0 0.0241
0 0.0178
0 0.0098
0 0.0178
0 0.0084
0 0.0283
0 0.0166
0 0.0131
0 0.0134
0 0.0175
0 0.0174
0 0.0197
0 0.0221
0 0.0050
0 0.0124
0 0.0193
0 0.0172
0 0.0131
0 0.0255
0 0.0220
0 0.0304
0 0.0138
0 0.0173
0 0.0184
0 0.0336
0 0.0219
0 0.0108
0 0.0521
0 0.0494
0 0.0233
0 0.0259
0 0.0137
0 0.0015
0 0.0397
0 0.0282
1 0.5422
0 0.0222
0 0.0135
0 0.0169
0 0.0196
0 0.0174
0 0.0139
0 0.0129
0 0.0083
0 0.0277
0 0.0145
0 0.0242
0 0.0193
0 0.0416
0 0.0112
0 0.0470
0 0.0036
0 0.0091
0 0.0404
0 0.0097
0 0.0126
0 0.0406
0 0.0057
0 0.0178
0 0.0224
1 0.3796
0 0.0141
0 0.0107
0 0.0535
0 0.0252
0 0.0259
0 0.0600
0 0.0389
0 0.0104
0 0.0240
0 0.0276
0 0.0212
0 0.0142
0 0.0145
0 0.0133
0 0.0293
0 0.0360
0 0.0105
0 0.0102
0 0.0186
0 0.00523
0 0.0215
0 0.0185
0 0.0082
0 0.0527
0 0.0311
0 0.0423
0 0.0496
0 0.0475
0 0.0406
0 0.0150
0 0.0613
0 0.0499
0 0.0358
0 0.0276
0 0.0361
0 0.0408
0 0.0239
1 0.0332
0 0.0222
0 0.0166
0 0.0184
0 0.0134
0 0.0164
1 0.1321
1 0.0894
0 0.0494
0 0.0187
0 0.0208
0 0.0120
0 0.0202
0 0.0475
0 0.0363
0 0.0143
0 0.0393
0 0.0407
0 0.0360
0 0.0290
0 0.0432
0 0.0457
0 0.00694
0 0.0202
0 0.0179
0 0.00321
0 0.0147
0 0.00599
0 0.00750
0 0.00672
0 0.00554
0 0.0218
0 0.0179
0 0.0299
0 0.0153
0 0.0104
0 0.0167
0 0.0221
0 0.0178
0 0.0181
0 0.0207
0 0.0122
0 0.0201
0 0.0184
0 0.0150
0 0.0102
0 0.00199
0 0.0303
0 0.01401
0 0.0147
0 0.0086
1 0.0540
0 0.0175
1 0.0204
0 0.0307
0 0.0145
1 0.0460
1 0.2000
0 0.0163
0 0.0255
0 0.00809
1 0.1100
1 0.2155
0 0.0514
0 0.0138
0 0.0401
1 0.0924
0 0.0255
1 0.3261
0 0.0688
0 0.00882
0 0.0165
0 0.0349
0 0.0171
1 0.1679
0 0.0556
0 0.0423
0 0.0381
0 0.0164
0 0.0170
0 0.0214
0 0.0100
0 0.0295
0 0.0161
0 0.0152
0 0.00984
0 0.0360
0 0.0127
0 0.0226
0 0.00660
0 0.0124
1 0.0404
0 0.0140
1 0.00415
0 0.0262
0 0.0239
0 0.0298
0 0.0101
0 0.0244
0 0.0129
1 0.0752
0 0.0318
0 0.0255
0 0.0120
0 0.0559
0 0.0053
0 0.02900
0 0.003401
0 0.0433
0 0.0320
0 0.0391
0 0.0308
0 0.0466
0 0.0294
0 0.0408
0 0.0123
0 0.0351
0 0.1245
0 0.0205
0 0.1015
0 0.0182
0 0.00408
0 0.00699
0 0.0354
0 0.0127
0 0.0503
0 0.00634
0 0.0151
0 0.0149
0 0.00687
0 0.00418
0 0.0470
0 0.0135
0 0.0182
0 0.00607
0 0.0193
0 0.0134
0 0.00420
0 0.0184
0 0.00734
0 0.00427
0 0.0483
0 0.0114
0 0.0128
0 0.0228
0 0.0043
0 0.00405
0 0.0171
0 0.0172
0 0.0163
1 0.0333
0 0.00992
0 0.0593
1 0.2605
0 0.00597
0 0.0089
0 0.0164
0 0.00580
0 0.0163
0 0.0103
0 0.0146
0 0.0330
0 0.0083
0 0.0116
0 0.0116
1 0.4727
0 0.0128
0 0.00984
0 0.0129
0 0.0330
0 0.0233
0 0.0322
0 0.0812
0 0.00408
0 0.00609
0 0.00640
0 0.0248
0 0.0801
0 0.0235
0 0.0182
0 0.0737
0 0.0568
0 0.0125
0 0.0173
0 0.00229
0 0.00226
0 0.0129
0 0.0133
0 0.0144
0 0.0155
0 0.0234
0 0.00904
0 0.0235
0 0.0185
0 0.00558
0 0.0096
0 0.0099
0 0.0079
1 0.1374
0 0.0309
0 0.0538
0 0.0113
0 0.0211
0 0.0918
0 0.0143
0 0.2037
0 0.0153
0 0.0389
0 0.0154
0 0.1075
0 0.0303
1 0.4294
0 0.0176
0 0.0196
0 0.0238
0 0.00626
0 0.0116
0 0.0294
0 0.00111
0 0.0185
0 0.0179
0 0.0242
0 0.0664
1 0.0761
0 0.00903
0 0.00464
0 0.0157
0 0.00648
0 0.0313
0 0.0132
0 0.0151
0 0.00897
0 0.0489
0 0.00266
0 0.00867
0 0.0033
0 0.0147
1 0.0742
1 0.1578
1 0.3525
0 0.0173
0 0.00379
0 0.0256
1 0.4569
0 0.01686
1 0.4029
0 0.01150
1 0.4571
0 0.00893
0 0.01024
1 0.02495
0 0.003216
1 0.05228
1 0.04339
0 0.01110
0 0.02651
0 0.01312
0 0.009724
0 0.0168
0 0.0072
1 0.0437
1 0.0303
0 0.0115
0 0.0128
0 0.0163
1 0.1005
1 0.4149
0 0.0187
1 0.3037
0 0.0123
0 0.0090
0 0.0352
1 0.4086
1 0.3387
1 0.4088
1 0.3229
0 0.0104
1 0.4688
1 0.1005
0 0.0132
0 0.0123
1 0.3684
1 0.4042
0 0.0123
1 0.0486
0 0.0096
0 0.0162
0 0.0114
1 0.0459
0 0.0025
0 0.0062
0 0.0131
0 0.0090
0 0.0213
0 0.0080
0 0.0095
0 0.0124
0 0.0050
1 0.1282
1 0.1810
1 0.1115
0 0.1732
0 0.0183
1 0.0448
0 0.0147
0 0.0161
0 0.0227
0 0.0090
1 0.1703
0 0.0032
0 0.0158
0 0.0425
0 0.1649
0 0.0107
0 0.0186
1 0.2846
0 0.0269
1 0.0883
0 0.0064
0 0.0116
0 0.0017
0 0.0138
1 0.3645
0 0.0105
0 0.0268
0 0.0048
1 0.0604
1 0.0689
0 0.0354
0 0.0329
1 0.3655
0 0.0119
0 0.0362
1 0.3613
0 0.0343
0 0.0176
0 0.0145
0 0.0211
0 0.0683
1 0.1858
0 0.0191
0 0.0069
0 0.0104
0 0.0282
0 0.0482
0 0.0060
0 0.0273
0 0.0099
0 0.0229
0 0.0424
0 0.0161
1 0.4187
0 0.0126
0 0.0135
0 0.0084
1 0.1703
0 0.0032
0 0.0158
0 0.0425
1 0.1111
0 0.0059
0 0.0222
0 0.0321
1 0.3598
1 0.1431
0 0.0746
0 0.0277
0 0.0142
0 0.0151
0 0.0130
0 0.0122
0 0.0250
0 0.00055
0 0.0049
1 0.1528
0 0.0179
0 0.0223
1 0.4191
0 0.0602
1 0.3999
0 0.00015
0 0.0061
0 0.0231
0 0.0216
0 0.0148
1 0.0555
0 0.0238
0 0.0451
1 0.2222
0 0.0196
0 0.0223
0 0.0244
0 0.0231
1 0.1907
0 0.0128
0 0.0129
0 0.0216
0 0.0104
0 0.0208
0 0.0169
0 0.0391
1 0.2519
0 0.0155
0 0.0111
0 0.0360
0 0.0152
0 0.0146
0 0.0501
0 0.0138
0 0.0031
0 0.0131
0 0.0046
0 0.0157
0 0.0107
0 0.0310
0 0.0172
0 0.0396
0 0.0156
0 0.0278
0 0.0191
0 0.0377
0 0.0068
1 0.0606
1 0.0391
1 0.1295
1 0.1997
1 0.3226
0 0.0165
0 0.0195
1 0.2803
0 0.0171
1 0.0881
0 0.0116
0 0.0081
0 0.0097
0 0.0142
0 0.0097
0 0.0126
0 0.0122
1 0.1621
0 0.0137
0 0.0184
0 0.0149
0 0.0371
0 0.0442
0 0.0267
0 0.0117
1 0.2431
0 0.0109
0 0.0227
0 0.0202
1 0.3212
1 0.0997
0 0.0191
1 0.0995
0 0.0154
0 0.0297
0 0.0228
0 0.0080
0 0.0321
0 0.0194
0 0.0099
0 0.0072
0 0.0278
0 0.0273
0 0.0090
1 0.1380
1 0.2027
0 0.0149
0 0.0272
1 0.0412
1 0.1018
1 0.0289
0 0.0113
0 0.1011
0 0.0265
0 0.0065
0 0.0113
1 0.1258
1 0.0161
0 0.0172
0 0.0121
0 0.0483
0 0.0185
0 0.0326
0 0.0288
0 0.0351
0 0.1754
0 0.0610
0 0.0197
0 0.0250
0 0.0361
0 0.0190
0 0.0310
0 0.0122
0 0.0110
0 0.0204
0 0.0047
0 0.0070
1 0.0262
0 0.0141
0 0.0125
0 0.0108
0 0.0163
1 0.0900
1 0.1178
1 0.1677
1 0.3022
1 0.1204
0 0.0181
0 0.0425
0 0.0186
0 0.0176
0 0.0070
0 0.0101
0 0.0307
0 0.0172
0 0.0142
1 0.0967
1 0.2020
1 0.3702
0 0.0874
1 0.1065
0 0.0203
0 0.0012
0 0.0056
0 0.0178
0 0.0158
0 0.0152
1 0.2597
1 0.1365
1 0.1585
0 0.0713
0 0.0130
0 0.0230
0 0.0176
0 0.0010
0 0.0374
0 0.0369
0 0.0250
0 0.1331
1 0.0543
0 0.0019
1 0.2014
1 0.1383
1 0.0706
1 0.0915
1 0.1135
0 0.0814
1 0.0864
1 0.2569
0 0.0222
0 0.0200
0 0.0094
0 0.0236
0 0.0757
0 0.0486
0 0.0503
0 0.0099
0 0.0097
0 0.0073
0 0.0303
0 0.0075
0 0.0231
0 0.0133
0 0.0143
0 0.0138
0 0.0578
0 0.0301
0 0.0118
1 0.1806
1 0.3464
0 0.0177
0 0.1105
0 0.0190
1 0.3816
0 0.0338
1 0.1753
0 0.0150
0 0.1047
1 0.0387
0 0.0648
0 0.0295
1 0.1465
0 0.0053
1 0.4609
1 0.3764
0 0.0098
0 0.0153
0 0.0778
1 0.2368
0 0.0185
1 0.4282
1 0.1733
0 0.1193
1 0.4400
0 0.0374
1 0.4654
0 0.0774
0 0.0553
1 0.4782
1 0.3579
0 0.0336
0 0.0255
0 0.0241
0 0.0155
0 0.0131
0 0.0258
0 0.0448
0 0.0226
0 0.0376
0 0.0290
0 0.0410
0 0.0773
0 0.0077
0 0.0113
0 0.0406
0 0.0548
0 0.0114
0 0.0169
0 0.0369
1 0.3954
1 0.3132
0 0.0173
1 0.3880
1 0.4549
0 0.0262
0 0.2350
1 0.2288
0 0.0387
1 0.1475
0 0.0692
0 0.0286
0 0.0141
0 0.0228
0 0.0163
0 0.0110
0 0.0312
1 0.4613
1 0.3658
0 0.0098
0 0.0355
0 0.0231
0 0.0238