0 0.0178
0 0.0108
0 0.0128
1 0.2337
0 0.0373
0 0.0135
0 0.0055
0 0.0254
1 0.3902
0 0.0178
0 0.0170
1 0.1989
0 0.0539
0 0.0469
0 0.0246
0 0.0265
0 0.0109
1 0.2022
1 0.2683
1 0.3292
1 0.3484
0 0.0173
0 0.0231
1 0.2198
0 0.0378
0 0.0217
0 0.0467
0 0.0292
0 0.0185
0 0.0117
1 0.1268
0 0.0385
0 0.0350
0 0.0013
0 0.0168
0 0.0084
0 0.0081
0 0.0350
0 0.0474
1 0.2824
0 0.0344
0 0.0273
0 0.0328
0 0.0129
0 0.0765
0 0.0582
0 0.0180
0 0.0354
0 0.0429
1 0.2665
0 0.0370
0 0.0230
0 0.0105
0 0.0091
1 0.0447
0 0.0330
0 0.0281
0 0.0177
0 0.0076
0 0.0056
0 0.0066
0 0.0117
1 0.2432
0 0.0457
0 0.0238
0 0.0098
0 0.0213
0 0.0170
0 0.0155
0 0.0468
0 0.0113
0 0.0130
0 0.0691
0 0.0201
0 0.0170
1 0.3550
1 0.0150
0 0.0169
0 0.0315
0 0.0150
0 0.0183
1 0.0285
0 0.0717
0 0.0209
0 0.0375
1 0.0786
0 0.0309
0 0.0219
1 0.1256
1 0.1416
1 0.1252
1 0.2116
0 0.0041
1 0.2967
1 0.1357
1 0.0548
0 0.0147
0 0.0407
0 0.0222
0 0.0181
1 0.0419
0 0.0247
0 0.0123
0 0.0075
0 0.0095
0 0.0416
0 0.0201
0 0.0074
0 0.1186
0 0.0470
1 0.2802
0 0.0162
0 0.0355
0 0.0025
0 0.0125
0 0.0298
1 0.1455
0 0.0232
0 0.0088
0 0.0194
0 0.0369
0 0.0447
0 0.0500
0 0.0041
0 0.0344
1 0.1358
1 0.1927
1 0.1633
1 0.0485
1 0.1217
0 0.0204
0 0.0304
0 0.0163
0 0.0345
0 0.0057
0 0.0098
0 0.0092
0 0.0293
0 0.0190
0 0.0036
1 0.2250
1 0.1334
0 0.0535
1 0.2137
1 0.0869
0 0.0295
0 0.0162
0 0.0258
0 0.0697
0 0.0207
0 0.0035
0 0.0185
0 0.0214
0 0.0154
1 0.2483
1 0.2266
1 0.2033
1 0.1538
1 0.1725
0 0.0487
0 0.0167
0 0.0158
0 0.0112
0 0.0215
0 0.0144
0 0.0509
0 0.0226
0 0.0112
0 0.0172
0 0.0102
0 0.0141
0 0.0149
0 0.0188
0 0.0156
0 0.0228
0 0.0277
1 0.2851
0 0.0586
1 0.2502
0 0.0283
1 0.1090
1 0.1628
1 0.0988
1 0.2434
1 0.1133
1 0.2227
0 0.0402
0 0.0157
1 0.0960
0 0.0230
0 0.0288
0 0.0183
0 0.0065
0 0.0109
0 0.0267
0 0.0118
0 0.0180
0 0.0145
0 0.0260
0 0.0173
0 0.0239
0 0.0253
0 0.0118
0 0.0239
0 0.0139
0 0.0105
0 0.0114
0 0.0116
0 0.0053
0 0.0167
0 0.0186
0 0.0275
0 0.0159
0 0.0198
1 0.1696
1 0.2680
0 0.0113
0 0.0107
0 0.0202
0 0.0068
0 0.0179
0 0.0021
1 0.1903
0 0.0692
0 0.0172
1 0.1859
0 0.0131
1 0.0640
0 0.0133
0 0.0132
0 0.0163
0 0.0198
0 0.0230
0 0.0129
0 0.0030
0 0.0229
0 0.0329
1 0.1568
1 0.0485
1 0.0586
1 0.1014
1 0.0428
1 0.0406
0 0.0028
1 0.0462
0 0.0227
0 0.0075
0 0.0421
0 0.0401
0 0.0128
1 0.2188
1 0.3259
1 0.1362
1 0.2099
1 0.2309
0 0.0363
0 0.0181
0 0.0187
0 0.0099
0 0.0275
1 0.1757
0 0.0159
1 0.1152
0 0.0081
1 0.0619
0 0.0313
0 0.0221
0 0.0023
0 0.0112
0 0.0056
0 0.0063
0 0.0149
1 0.1039
0 0.0222
0 0.0122
0 0.0286
0 0.0141
0 0.0182
1 0.0729
1 0.0475
1 0.0930
1 0.0509
1 0.1273
1 0.3177
0 0.0509
0 0.0364
0 0.0343
1 0.1267
0 0.0398
0 0.0249
0 0.0413
0 0.0332
0 0.0395
1 0.1039
0 0.0506
1 0.0599
0 0.0344
1 0.0705
0 0.0706
1 0.0687
1 0.1219
1 0.1108
1 0.1132
0 0.0519
1 0.1521
1 0.0908
0 0.0145
0 0.0289
1 0.0939
0 0.0415
0 0.0107
0 0.0026
1 0.2019
0 0.0197
0 0.0454
0 0.0178
0 0.0044
0 0.0306
0 0.0663
0 0.0061
0 0.0554
0 0.0359
0 0.0142
0 0.0101
0 0.0121
0 0.0296
0 0.0023
0 0.0094
0 0.0157
0 0.0257
0 0.0177
0 0.0204
0 0.0356
0 0.0397
0 0.0471
0 0.0274
0 0.0556
0 0.0212
0 0.0167
1 0.0742
0 0.0162
1 0.0362
0 0.0140
0 0.0145
0 0.0176
0 0.0311
0 0.0218
0 0.0226
0 0.0220
0 0.0077
0 0.0312
0 0.0397
0 0.0275
0 0.0221
1 0.2626
1 0.1639
1 0.1921
1 0.1171
1 0.1277
1 0.0927
0 0.0012
0 0.0055
0 0.0100
0 0.0226
0 0.0162
0 0.0179
0 0.0195
0 0.0097
0 0.0194
0 0.0086
0 0.0212
0 0.0014
0 0.0315
1 0.1435
1 0.0665
0 0.0115
0 0.0281
0 0.0106
0 0.0206
0 0.0177
0 0.0193
0 0.0040
0 0.0253
0 0.0511
0 0.0413
0 0.0118
0 0.0155
0 0.0153
0 0.0215
0 0.0190
0 0.0152
0 0.0244
0 0.0131
0 0.0038
0 0.0175
0 0.0192
0 0.0120
0 0.0273
1 0.0863
0 0.0080
0 0.0096
0 0.0122
0 0.0067
0 0.0127
0 0.0220
0 0.0169
0 0.0317
0 0.0089
0 0.0242
0 0.0075
0 0.0246
1 0.2556
1 0.2595
1 0.2701
1 0.1957
1 0.0384
0 0.0204
1 0.0536
1 0.0183
1 0.0600
1 0.1415
1 0.2385
1 0.1441
0 0.0297
0 0.0332
0 0.0188
0 0.0129
0 0.0328
0 0.0142
0 0.0225
0 0.0184
0 0.0572
0 0.0169
1 0.0437
0 0.0451
0 0.0477
0 0.0197
0 0.0095
0 0.0050
0 0.0047
0 0.0025
0 0.0150
0 0.0145
0 0.0165
0 0.0069
0 0.0173
0 0.0141
0 0.0198
1 0.1687
0 0.0171
0 0.0071
0 0.0540
0 0.0259
1 0.0667
0 0.0191
1 0.2613
0 0.0217
0 0.0189
0 0.0128
0 0.0231
0 0.0149
0 0.0156
0 0.0210
0 0.0352
0 0.0300
0 0.0481
0 0.0963
0 0.0300
0 0.0168
0 0.0042
0 0.0035
0 0.0074
0 0.0186
0 0.0574
0 0.0549
0 0.0163
0 0.0175
0 0.0176
1 0.0778
0 0.0251
0 0.0183
0 0.0182
0 0.0149
0 0.0188
0 0.0147
0 0.0128
0 0.0103
0 0.0045
0 0.0146
0 0.0144
0 0.0258
0 0.0110
0 0.0132
0 0.0150
0 0.0189
0 0.0191
0 0.0113
0 0.0147
0 0.0186
0 0.0100
0 0.0252
0 0.0451
0 0.0427
0 0.0348
0 0.0245
0 0.0151
0 0.0072
0 0.0187
1 0.0514
1 0.0462
1 0.0684
0 0.0227
0 0.0380
0 0.0516
1 0.3174
0 0.0187
0 0.0453
0 0.0204
0 0.0094
0 0.0202
0 0.0184
0 0.0196
0 0.0173
0 0.0238
0 0.0238
0 0.0761
0 0.0443
0 0.0379
0 0.0569
0 0.0194
0 0.0117
0 0.0510
0 0.0078
0 0.0301
0 0.0443
0 0.0867
0 0.0405
0 0.0033
0 0.0230
0 0.0245
0 0.0251
0 0.0952
0 0.0502
0 0.0206
0 0.0145
1 0.1094
0 0.0368
1 0.1557
0 0.0325
0 0.0143
1 0.1122
0 0.0186
0 0.0142
0 0.0038
0 0.0247
0 0.0257
0 0.0313
1 0.1253
0 0.0201
1 0.2981
0 0.0222
0 0.0009
0 0.0092
1 0.1056
1 0.0465
1 0.0572
0 0.0002
1 0.0577
0 0.0588
1 0.0664
1 0.0513
1 0.1215
1 0.1536
1 0.3295
1 0.1024
1 0.1014
0 0.0220
0 0.0386
0 0.0123
0 0.0233
0 0.0095
0 0.0235
0 0.0223
0 0.0243
0 0.0053
0 0.0653
0 0.0064
1 0.1586
1 0.2601
0 0.0547
0 0.0025
0 0.0142
0 0.0249
0 0.0042
0 0.0016
0 0.0198
0 0.0234
0 0.0098
0 0.0148
0 0.0034
0 0.0164
1 0.2072
0 0.0160
0 0.0167
0 0.0143
0 0.0267
1 0.1884
0 0.0116
0 0.0199
0 0.0111
0 0.0116
0 0.0274
0 0.0175
0 0.0019
0 0.0109
0 0.0271
0 0.0174
0 0.0011
0 0.0143
0 0.0332
0 0.0287
0 0.0139
0 0.0157
0 0.0324
1 0.2352
0 0.0336
0 0.0095
0 0.0186
0 0.0169
0 0.0240
0 0.0268
0 0.0200
0 0.0225
1 0.0618
0 0.0163
0 0.0086
0 0.0086
0 0.0115
0 0.0228
0 0.0330
0 0.0187
1 0.2543
0 0.0186
0 0.0296
0 0.0120
0 0.0071
0 0.0245
0 0.0127
0 0.0232
0 0.0518
0 0.0326
1 0.0950
0 0.0173
0 0.0385
0 0.0152
0 0.0174
0 0.0251
1 0.3419
1 0.1248
0 0.0143
0 0.0164
0 0.0219
0 0.0627
0 0.0254
0 0.0149
0 0.0410
1 0.1559
0 0.0125
0 0.0165
1 0.0465
1 0.2612
1 0.0797
1 0.0482
0 0.0123
0 0.0152
0 0.0305
0 0.0464
0 0.0251
0 0.0104
0 0.0128
1 0.2352
0 0.0336
0 0.0095
0 0.0186
0 0.0169
0 0.0240
0 0.0268
0 0.0200
0 0.0714
0 0.0245
0 0.0172
0 0.0201
0 0.0174
0 0.0167
0 0.0192
0 0.0194
0 0.0320
0 0.0057
0 0.0163
0 0.0180
0 0.0108
0 0.0489
1 0.2892
0 0.0122
1 0.1953
1 0.1239
1 0.0856
0 0.0179
1 0.0274
0 0.0166
0 0.0180
1 0.1043
1 0.0636
0 0.0003
0 0.0115
0 0.0204
0 0.0134
0 0.0368
0 0.0240
0 0.0162
0 0.0152
0 0.0128
0 0.0416
0 0.0069
0 0.0150
0 0.0080
0 0.0123
0 0.0098
0 0.0103
0 0.0152
0 0.0030
0 0.0251
0 0.0112
0 0.0124
0 0.0115
