0 0.01190
0 0.09700
0 0.06289
0 0.06334
0 0.02940
0 0.04561
0 0.10428
0 0.08811
0 0.05313
0 0.08136
0 0.07719
0 0.01778
1 0.31770
1 0.26992
1 0.06439
0 0.07595
0 0.18580
0 0.09282
0 0.05651
0 0.04455
0 0.05479
0 0.10292
0 0.07393
1 0.68853
0 0.02774
0 0.05759
0 0.06491
0 0.04898
0 0.06906
0 0.03080
0 0.10121
0 0.08043
0 0.08084
0 0.08558
0 0.08525
0 0.08517
0 0.01668
0 0.09795
1 0.62502
1 0.51791
0 0.02803
0 0.07938
0 0.08871
0 0.10565
0 0.09155
0 0.14170
1 0.30093
0 0.09057
0 0.12446
0 0.12061
0 0.07401
0 0.01448
0 0.08820
0 0.14955
0 0.12506
0 0.07212
0 0.02695
0 0.10535
0 0.07379
0 0.07121
0 0.11743
1 0.14493
0 0.11274
0 0.12826
1 0.33549
0 0.04323
0 0.05875
0 0.10496
0 0.12393
1 0.61666
0 0.08293
1 0.56192
0 0.09511
0 0.02891
0 0.07508
0 0.01513
0 0.11242
0 0.06363
0 0.12636
1 0.33383
0 0.04323
0 0.12502
0 0.11372
0 0.11743
1 0.33079
0 0.04323
0 0.11372
0 0.11743
1 0.33079
0 0.04323
1 0.61647
0 0.08669
0 0.05316
1 0.57015
0 0.09522
0 0.02014
0 0.08458
0 0.05374
0 0.14971
1 0.38705
0 0.06146
0 0.03306
0 0.03901
1 0.11679
0 0.11520
1 0.16404
0 0.01841
0 0.05926
0 0.04132
0 0.04984
0 0.04603
0 0.01763
0 0.10570
0 0.12368
0 0.03333
0 0.10159
0 0.13954
0 0.12503
0 0.07310
0 0.02744
0 0.03119
0 0.11258
0 0.14233
0 0.03040
1 0.31731
0 0.04674
0 0.06699
0 0.02334
0 0.11609
0 0.11969
1 0.15974
0 0.03181
0 0.04193
0 0.03449
1 0.21417
0 0.07400
0 0.16901
0 0.12125
0 0.07576
0 0.06456
1 0.65218
0 0.10218
1 0.42068
0 0.10094
0 0.11687
1 0.79556
0 0.05242
0 0.10183
0 0.04599
0 0.04458
1 0.32928
0 0.13386
0 0.08780
0 0.03876
0 0.08223
0 0.13690
0 0.04403
0 0.04691
0 0.09191
0 0.10252
0 0.12315
0 0.02289
0 0.02051
0 0.03629
1 0.09358
0 0.05328
0 0.08383
0 0.07228
1 0.13688
0 0.02212
0 0.04683
0 0.06345
0 0.06632
1 0.31176
0 0.09448
0 0.11085
0 0.02779
0 0.05664
0 0.16176
0 0.17132
0 0.12006
0 0.19615
0 0.11654
0 0.07122
0 0.07568
1 0.20651
0 0.07049
0 0.03642
0 0.09192
0 0.09376
0 0.13097
0 0.09755
1 0.41204
0 0.10709
0 0.01790
0 0.05904
0 0.07941
1 0.29073
0 0.01162
0 0.10887
0 0.02180
0 0.06547
0 0.14671
1 0.55897
0 0.07783
1 0.56628
0 0.02701
0 0.18053
0 0.09131
0 0.02588
1 0.55341
1 0.38743
0 0.45084
0 0.12923
0 0.02192
0 0.13819
0 0.09428
0 0.01921
0 0.02039
0 0.01135
0 0.02054
0 0.03538
0 0.05304
0 0.03526
1 0.31875
0 0.05198
0 0.04599
0 0.07686
0 0.04563
0 0.04516
0 0.01572
0 0.07427
0 0.14384
0 0.09512
0 0.09183
1 0.51556
0 0.05667
0 0.11437
1 0.50478
0 0.12254
0 0.03665
0 0.08341
0 0.06964
0 0.04743
0 0.07835
0 0.02034
0 0.04582
0 0.02113
0 0.02115
0 0.05288
0 0.07657
0 0.01903
0 0.04049
0 0.01746
0 0.03096
0 0.04180
0 0.07295
1 0.26119
0 0.07127
0 0.04591
0 0.04950
0 0.12875
0 0.08978
0 0.05141
0 0.03037
0 0.05825
0 0.06175
1 0.50472
1 0.10943
0 0.19382
0 0.04318
0 0.05947
0 0.03362
0 0.04546
0 0.06903
0 0.03912
0 0.03287
0 0.11517
0 0.07950
0 0.03901
0 0.09499
0 0.04794
0 0.07364
0 0.05886
1 0.07196
1 0.23026
0 0.04613
0 0.03441
0 0.06136
0 0.03355
0 0.08219
0 0.08072
0 0.04426
0 0.07964
0 0.03029
0 0.02323
0 0.03425
0 0.02606
0 0.02255
0 0.06391
0 0.12524
1 0.32278
1 0.32345
0 0.11547
0 0.05369
0 0.04025
0 0.03175
0 0.06369
0 0.08996
0 0.10888
1 0.42639
1 0.12848
0 0.20795
0 0.02568
1 0.45921
0 0.03088
0 0.06964
0 0.07303
0 0.03308
0 0.00555
1 0.68014
0 0.10062
0 0.10394
0 0.03555
0 0.11207
1 0.17409
0 0.02384
0 0.13275
0 0.03674
0 0.04036
0 0.03505
0 0.04692
0 0.06125
0 0.02891
0 0.02049
0 0.05628
0 0.07547
0 0.06795
0 0.03956
0 0.02782
0 0.09291
0 0.05099
0 0.00724
0 0.02893
0 0.09472
0 0.02210
0 0.02728
0 0.05105
0 0.06833
0 0.03860
0 0.06574
0 0.04708
0 0.08096
0 0.04274
0 0.09272
0 0.04368
0 0.01499
0 0.04956
0 0.01801
0 0.09825
0 0.02866
0 0.04144
0 0.07789
0 0.08421
0 0.09195
0 0.05466
0 0.12241
0 0.11476
0 0.02612
0 0.07858
1 0.42763
0 0.06162
0 0.14067
1 0.18062
0 0.04948
0 0.04420
1 0.4663 
0 0.02247
0 0.02185
0 0.02779
0 0.03716
0 0.01563
0 0.06218
0 0.02686
0 0.03365
1 0.32165
0 0.07649
0 0.07675
0 0.04519
0 0.10013
0 0.04337
0 0.05209
0 0.03717
0 0.06233
0 0.07620
0 0.04277
0 0.04377
1 0.20041
1 0.56547
0 0.12351
0 0.01408
0 0.04527
0 0.03259
0 0.01197
1 0.09738
0 0.06157
0 0.02668
0 0.02346
0 0.08535
1 0.27954
0 0.09536
0 0.08451
0 0.09308
0 0.04180
0 0.02210
0 0.08212
1 0.34924
0 0.07490
0 0.08878
0 0.03151
0 0.01761
0 0.06431
0 0.01199
0 0.03210
0 0.02500
0 0.07285
0 0.02701
1 0.08548
0 0.02204
0 0.04520
1 0.05361
1 0.62795
0 0.02265
0 0.18766
0 0.08470
0 0.04347
0 0.10845
0 0.08965
0 0.09593
0 0.09167
0 0.08301
0 0.10935
0 0.14510
0 0.04510
0 0.05746
0 0.07145
0 0.01103
0 0.07518
1 0.37337
0 0.07312
0 0.02486
0 0.03572
0 0.01165
1 0.63497
0 0.01098
0 0.06266
0 0.04790
0 0.02280
0 0.03614
0 0.04690
0 0.02767
0 0.03306
0 0.05286
0 0.08269
0 0.08774
0 0.03307
0 0.03311
0 0.05166
0 0.04618
0 0.08583
0 0.03487
0 0.04988
0 0.07250
0 0.12541
0 0.06437
0 0.06641
0 0.07669
0 0.12326
0 0.06301
0 0.07923
0 0.03091
0 0.11949
0 0.05712
1 0.67387
0 0.05671
0 0.04145
0 0.08917
0 0.08458
0 0.05902
0 0.03481
0 0.05457
0 0.07945
0 0.08528
0 0.07316
0 0.03088
1 0.39693
0 0.05101
0 0.03000
0 0.04218
0 0.04012
0 0.05898
0 0.03959
0 0.06072
1 0.42363
0 0.09236
0 0.10045
0 0.11998
0 0.08673
0 0.04784
0 0.05998
0 0.05609
0 0.02568
0 0.09603
0 0.07884
0 0.08532
0 0.06636
0 0.07603
0 0.03821
0 0.14549
0 0.07138
0 0.02243
0 0.02440
0 0.06409
0 0.04969
0 0.05845
0 0.11262
0 0.05653
0 0.10893
0 0.06933
0 0.13444
0 0.11361
0 0.07188
0 0.10116
0 0.08620
0 0.08072
0 0.15952
1 0.36398
0 0.00748
0 0.07136
0 0.07401
0 0.01191
0 0.04129
0 0.02812
0 0.08536
0 0.07302
0 0.08613
1 0.64318
1 0.71563
0 0.04860
0 0.10539
0 0.09366
0 0.09711
1 0.37097
0 0.07134
0 0.10704
0 0.04763
0 0.08397
0 0.03087
1 0.48263
0 0.12873
1 0.06892
1 0.09443
0 0.05618
0 0.08758
0 0.07542
0 0.11252
0 0.08962
1 0.19949
0 0.06157
0 0.05334
1 0.16776
0 0.03597
0 0.05259
0 0.07015
0 0.10859
1 0.14590
0 0.04012
0 0.04793
0 0.04733
0 0.05645
1 0.15882
0 0.15221
0 0.05889
0 0.08993
0 0.09936
1 0.35316
0 0.17858
0 0.09306
0 0.05692
0 0.03935
0 0.08028
0 0.06764
1 0.25902
0 0.06284
1 0.10223
0 0.09484
0 0.09084
0 0.05174
0 0.08597
1 0.18136
0 0.04299
0 0.08750
0 0.05995
1 0.36025
0 0.09632
0 0.05380
0 0.10183
0 0.04748
0 0.18393
0 0.04893
0 0.12209
0 0.04885
0 0.16839
0 0.04081
0 0.04840
0 0.11673
0 0.04825
0 0.09917
0 0.06481
0 0.11190
0 0.06051
0 0.04635
0 0.04579
1 0.32933
0 0.09236
0 0.08656
0 0.06720
0 0.05313
0 0.03612
0 0.03811
0 0.13178
0 0.01333
0 0.05579
0 0.06005
0 0.09136
0 0.07676
0 0.11680
1 0.14982
0 0.05831
0 0.05824
0 0.09693
0 0.07501
0 0.13844
0 0.01844
0 0.02015
1 0.12337
1 0.12259
1 0.17857
0 0.03824
1 0.14563
0 0.06963
1 0.41973
0 0.04168
0 0.04632
1 0.05780
0 0.03277
0 0.02392
0 0.08095
0 0.05805
0 0.06306
0 0.07389
0 0.06785
0 0.09252
0 0.09488
0 0.08348
0 0.08329
0 0.05137
0 0.01712
0 0.04334
0 0.06608
0 0.06698
0 0.06015
0 0.01986
0 0.04672
0 0.07220
0 0.06914
0 0.07889
0 0.11812
0 0.06860
1 0.09046
0 0.05846
0 0.02454
0 0.05903
0 0.02382
0 0.04717
0 0.07421
0 0.03705
0 0.09117
0 0.07900
0 0.06913
0 0.05823
0 0.13301
0 0.06928
0 0.01934
0 0.02678
1 0.05405
0 0.13935
0 0.09846
1 0.12214
0 0.10528
0 0.05667
0 0.06518
0 0.10610
0 0.06555
0 0.07575
0 0.06676
0 0.05537
0 0.06133
0 0.07435
0 0.06514
1 0.10272
0 0.09965
0 0.20255
0 0.06636
0 0.04219
1 0.25643
0 0.11121
0 0.13449
0 0.07791
0 0.10315
0 0.10514
0 0.11289
0 0.04245
0 0.04781
0 0.03598
0 0.04791
0 0.03841
0 0.13971
0 0.03796
0 0.04747
0 0.08091
0 0.06560
0 0.03566
0 0.04476
0 0.07702
1 0.06059
0 0.14098
0 0.03150
1 0.12285
0 0.07426
0 0.05569
0 0.06518
0 0.09899
0 0.05900
0 0.07902
0 0.06723
0 0.05537
1 0.44316
0 0.06885
0 0.07901
1 0.10555
1 0.10459
0 0.10036
0 0.08341
0 0.06938
0 0.06092
0 0.04948
0 0.14982
0 0.01368
0 0.02112
1 0.12259
0 0.06648
1 0.42022
0 0.03804
0 0.05914
0 0.07450
1 0.14587
1 0.12447
0 0.06035
1 0.05780
0 0.03569
0 0.06941
0 0.03639
0 0.02413
0 0.06261
0 0.02443
0 0.13258
0 0.06103
0 0.11622
1 0.25588
0 0.08738
1 0.42499
0 0.03509
0 0.05595
0 0.08945
0 0.06360
0 0.06066
0 0.07181
0 0.08730
0 0.06459
0 0.08793
0 0.14797
0 0.05267
0 0.05693
1 0.54333
0 0.11494
0 0.06803
0 0.06662
1 0.23474
0 0.10322
0 0.13210
0 0.06339
0 0.14664
0 0.10317
0 0.04473
0 0.03192
0 0.01849
0 0.08574
0 0.10620
0 0.08822
0 0.13194
0 0.07905
0 0.16226
0 0.09903
1 0.37298
0 0.01287
1 0.59252
1 0.26463
0 0.02768
0 0.06351
1 0.47446
0 0.09808
0 0.08246
0 0.11551
0 0.07541
0 0.09748
0 0.07819
0 0.06343
0 0.10524
0 0.19255
0 0.15765
1 0.45326
0 0.02171
0 0.02654
0 0.05309
0 0.05990
0 0.11347
1 0.54850
0 0.02011
0 0.12033
1 0.24790
0 0.15552
0 0.07446
0 0.09181
0 0.08638
1 0.26478
0 0.05546
0 0.04566
0 0.10994
0 0.09594
0 0.07144
0 0.03567
0 0.06405
0 0.09387
0 0.08464
0 0.06439
0 0.1208 
0 0.15570
1 0.45326
0 0.05309
0 0.10111
1 0.54850
0 0.09519
0 0.02777
0 0.02089
1 0.1318 
0 0.07100
