160823_053804259_Camera_1.jpg 0 0.032516 0
160823_053804259_Camera_1.jpg 0 0.014264 0
160823_053805259_Camera_1.jpg 0 0.758960 0
160823_053805259_Camera_1.jpg 0 0.039829 0
160823_053806258_Camera_1.jpg 0 0.155817 0
160823_053806258_Camera_1.jpg 0 0.046871 0
160823_053807258_Camera_1.jpg 0 0.886789 0
160823_053807258_Camera_1.jpg 0 0.015778 0
160823_053807258_Camera_1.jpg 1 0.998615 0.803681
160823_053808258_Camera_1.jpg 0 0.092227 0
160823_053808258_Camera_1.jpg 1 0.995560 0.861800
160823_053808258_Camera_1.jpg 1 0.997798 0.757228
160823_053808258_Camera_1.jpg 1 0.984445 0.749898
160823_053809258_Camera_1.jpg 0 0.205546 0
160823_053809258_Camera_1.jpg 0 0.036831 0
160823_053809258_Camera_1.jpg 0 0.023945 0
160823_053809258_Camera_1.jpg 0 0.021464 0
160823_053809258_Camera_1.jpg 1 0.997798 0.850008
160823_053810258_Camera_1.jpg 0 0.971584 0
160823_053810258_Camera_1.jpg 0 0.693744 0
160823_053810258_Camera_1.jpg 0 0.553390 0
160823_053810258_Camera_1.jpg 0 0.326540 0
160823_053810258_Camera_1.jpg 1 0.989611 0.730532
160823_053811258_Camera_1.jpg 0 0.970612 0
160823_053811258_Camera_1.jpg 0 0.367175 0
160823_053811258_Camera_1.jpg 0 0.084160 0
160823_053811258_Camera_1.jpg 0 0.024822 0
160823_053811258_Camera_1.jpg 1 0 0
160823_053812258_Camera_1.jpg 0 0.977153 0
160823_053812258_Camera_1.jpg 0 0.447127 0
160823_053812258_Camera_1.jpg 0 0.045879 0
160823_053812258_Camera_1.jpg 0 0.014643 0
160823_053812258_Camera_1.jpg 0 0.013618 0
160823_053812258_Camera_1.jpg 0 0.013378 0
160823_053812258_Camera_1.jpg 0 0.013082 0
160823_053813258_Camera_1.jpg 0 0.938260 0
160823_053813258_Camera_1.jpg 0 0.025260 0
160823_053814258_Camera_1.jpg 0 0.907454 0
160823_053814258_Camera_1.jpg 0 0.883766 0
160823_053814258_Camera_1.jpg 0 0.387732 0
160823_053814258_Camera_1.jpg 0 0.016702 0
160823_053814258_Camera_1.jpg 0 0.012171 0
160823_053815258_Camera_1.jpg 0 0.015859 0
160823_053815258_Camera_1.jpg 1 0.999101 0.800063
160823_053816258_Camera_1.jpg 0 0.694805 0
160823_053816258_Camera_1.jpg 0 0.648427 0
160823_053816258_Camera_1.jpg 0 0.025509 0
160823_053816258_Camera_1.jpg 1 0.990225 0.816990
160823_053816258_Camera_1.jpg 1 0.996723 0.799837
160823_053816258_Camera_1.jpg 1 0.965752 0.582017
160823_053817258_Camera_1.jpg 0 0.935345 0
160823_053817258_Camera_1.jpg 0 0.882753 0
160823_053817258_Camera_1.jpg 0 0.855433 0
160823_053817258_Camera_1.jpg 0 0.350990 0
160823_053817258_Camera_1.jpg 0 0.044387 0
160823_053817258_Camera_1.jpg 0 0.044183 0
160823_053817258_Camera_1.jpg 0 0.037309 0
160823_053817258_Camera_1.jpg 0 0.027821 0
160823_053817258_Camera_1.jpg 0 0.023619 0
160823_053817258_Camera_1.jpg 1 0.998843 0.834646
160823_053817258_Camera_1.jpg 1 0.999204 0.839332
160823_053817258_Camera_1.jpg 1 0 0
160823_053818258_Camera_1.jpg 0 0.877972 0
160823_053818258_Camera_1.jpg 0 0.097544 0
160823_053818258_Camera_1.jpg 0 0.054131 0
160823_053818258_Camera_1.jpg 1 0.995665 0.732527
160823_053818258_Camera_1.jpg 1 0.987200 0.625766
160823_053819258_Camera_1.jpg 0 0.975847 0
160823_053819258_Camera_1.jpg 0 0.016285 0
160823_053819258_Camera_1.jpg 0 0.016108 0
160823_053819258_Camera_1.jpg 0 0.011485 0
160823_053819258_Camera_1.jpg 1 0.994293 0.781646
160823_053819258_Camera_1.jpg 1 0.974507 0.629678
160823_053819258_Camera_1.jpg 1 0.936983 0.677509
160823_053820258_Camera_1.jpg 0 0.086790 0
160823_053820258_Camera_1.jpg 1 0.955481 0.617315
160823_053821258_Camera_1.jpg 0 0.948285 0
160823_053821258_Camera_1.jpg 0 0.173696 0
160823_053821258_Camera_1.jpg 0 0.059989 0
160823_053821258_Camera_1.jpg 0 0.050868 0
160823_053821258_Camera_1.jpg 0 0.010895 0
160823_053821258_Camera_1.jpg 1 0.228072 0.501447
160823_053821258_Camera_1.jpg 1 0.989620 0.666762
160823_053822258_Camera_1.jpg 0 0.931546 0
160823_053822258_Camera_1.jpg 0 0.912776 0
160823_053822258_Camera_1.jpg 0 0.879544 0
160823_053822258_Camera_1.jpg 0 0.861127 0
160823_053822258_Camera_1.jpg 0 0.552528 0
160823_053822258_Camera_1.jpg 0 0.516144 0
160823_053822258_Camera_1.jpg 0 0.129756 0
160823_053822258_Camera_1.jpg 0 0.090081 0
160823_053822258_Camera_1.jpg 0 0.082574 0
160823_053822258_Camera_1.jpg 0 0.072876 0
160823_053822258_Camera_1.jpg 0 0.072876 0
160823_053822258_Camera_1.jpg 0 0.030031 0
160823_053822258_Camera_1.jpg 0 0.012655 0
160823_053822258_Camera_1.jpg 0 0.010883 0
160823_053823258_Camera_1.jpg 0 0.956575 0
160823_053823258_Camera_1.jpg 0 0.853448 0
160823_053823258_Camera_1.jpg 0 0.773570 0
160823_053823258_Camera_1.jpg 0 0.404652 0
160823_053823258_Camera_1.jpg 0 0.275194 0
160823_053823258_Camera_1.jpg 0 0.028043 0
160823_053823258_Camera_1.jpg 0 0.022998 0
160823_053823258_Camera_1.jpg 0 0.022630 0
160823_053823258_Camera_1.jpg 0 0.013972 0
160823_053824258_Camera_1.jpg 0 0.982234 0
160823_053824258_Camera_1.jpg 0 0.608865 0
160823_053824258_Camera_1.jpg 0 0.573028 0
160823_053824258_Camera_1.jpg 0 0.259533 0
160823_053824258_Camera_1.jpg 0 0.239059 0
160823_053824258_Camera_1.jpg 0 0.173819 0
160823_053824258_Camera_1.jpg 0 0.054643 0
160823_053824258_Camera_1.jpg 0 0.042214 0
160823_053824258_Camera_1.jpg 0 0.018316 0
160823_053824258_Camera_1.jpg 0 0.017839 0
160823_053824258_Camera_1.jpg 0 0.012308 0
160823_053824258_Camera_1.jpg 1 0.999258 0.874627
160823_053825258_Camera_1.jpg 0 0.514054 0
160823_053825258_Camera_1.jpg 0 0.508278 0
160823_053825258_Camera_1.jpg 0 0.178072 0
160823_053825258_Camera_1.jpg 0 0.168613 0
160823_053825258_Camera_1.jpg 0 0.133995 0
160823_053825258_Camera_1.jpg 0 0.052836 0
160823_053825258_Camera_1.jpg 0 0.017576 0
160823_053825258_Camera_1.jpg 1 0.979698 0.728602
160823_053826258_Camera_1.jpg 0 0.848630 0
160823_053826258_Camera_1.jpg 0 0.121929 0
160823_053826258_Camera_1.jpg 0 0.061522 0
160823_053826258_Camera_1.jpg 0 0.019548 0
160823_053826258_Camera_1.jpg 1 0.943202 0.647928
160823_053827258_Camera_1.jpg 0 0.332783 0
160823_053827258_Camera_1.jpg 0 0.135434 0
160823_053827258_Camera_1.jpg 0 0.018438 0
160823_053828258_Camera_1.jpg 0 0.935972 0
160823_053828258_Camera_1.jpg 0 0.040068 0
160823_053828258_Camera_1.jpg 0 0.036560 0
160823_053828258_Camera_1.jpg 0 0.036366 0
160823_053828258_Camera_1.jpg 1 0.999128 0.880164
160823_053829258_Camera_1.jpg 0 0.121407 0
160823_053829258_Camera_1.jpg 0 0.036298 0
160823_053829258_Camera_1.jpg 0 0.021846 0
160823_053829258_Camera_1.jpg 1 0.983663 0.622082
160823_053830258_Camera_1.jpg 0 0.098057 0
160823_053831258_Camera_1.jpg 0 0.621023 0
160823_053831258_Camera_1.jpg 0 0.214805 0
160823_053831258_Camera_1.jpg 0 0.028684 0
160823_053832258_Camera_1.jpg 0 0.048010 0
160823_053833258_Camera_1.jpg 0 0.833090 0
160823_053833258_Camera_1.jpg 0 0.052179 0
160823_053833258_Camera_1.jpg 0 0.031332 0
160823_053834258_Camera_1.jpg 0 0.213443 0
160823_053834258_Camera_1.jpg 0 0.105263 0
160823_053834258_Camera_1.jpg 0 0.027599 0
160823_053834258_Camera_1.jpg 0 0.020987 0
160823_053835258_Camera_1.jpg 0 0.382655 0
160823_053836258_Camera_1.jpg 0 0.234929 0
160823_053839258_Camera_1.jpg 0 0.940998 0
160823_053839258_Camera_1.jpg 0 0.033374 0
160823_053839258_Camera_1.jpg 1 0 0
160823_053840258_Camera_1.jpg 0 0.091889 0
160823_053841258_Camera_1.jpg 0 0.488233 0
160823_053841258_Camera_1.jpg 0 0.024676 0
160823_053843258_Camera_1.jpg 0 0.255259 0
160823_053843258_Camera_1.jpg 0 0.029411 0
160823_053844258_Camera_1.jpg 0 0.820769 0
160823_053844258_Camera_1.jpg 0 0.118278 0
160823_053845258_Camera_1.jpg 1 0.997998 0.853414
160823_053845258_Camera_1.jpg 1 0.995690 0.740985
160823_053846258_Camera_1.jpg 0 0.312352 0
160823_053846258_Camera_1.jpg 0 0.012066 0
160823_053846258_Camera_1.jpg 0 0.011058 0
160823_053846258_Camera_1.jpg 0 0.010516 0
160823_053846258_Camera_1.jpg 1 0.991589 0.692903
160823_053846258_Camera_1.jpg 1 0.998066 0.828662
160823_053846258_Camera_1.jpg 1 0.950305 0.871978
160823_053847258_Camera_1.jpg 0 0.994501 0
160823_053847258_Camera_1.jpg 0 0.082508 0
160823_053847258_Camera_1.jpg 0 0.036337 0
160823_053847258_Camera_1.jpg 0 0.027002 0
160823_053847258_Camera_1.jpg 0 0.013844 0
160823_053847258_Camera_1.jpg 0 0.013486 0
160823_053847258_Camera_1.jpg 0 0.012404 0
160823_053847258_Camera_1.jpg 1 0.510091 0.698031
160823_053847258_Camera_1.jpg 1 0.987311 0.828842
160823_053847258_Camera_1.jpg 1 0.966771 0.811619
160823_053847258_Camera_1.jpg 1 0.970083 0.612258
160823_053847258_Camera_1.jpg 1 0.983282 0.685268
160823_053847258_Camera_1.jpg 1 0 0
160823_053847258_Camera_1.jpg 1 0 0
160823_053848258_Camera_1.jpg 0 0.204333 0
160823_053848258_Camera_1.jpg 0 0.103996 0
160823_053848258_Camera_1.jpg 0 0.085862 0
160823_053848258_Camera_1.jpg 0 0.084247 0
160823_053848258_Camera_1.jpg 0 0.018981 0
160823_053848258_Camera_1.jpg 1 0.961009 0.523444
160823_053848258_Camera_1.jpg 1 0.961009 0.561136
160823_053849258_Camera_1.jpg 0 0.993486 0
160823_053849258_Camera_1.jpg 0 0.051539 0
160823_053849258_Camera_1.jpg 0 0.015090 0
160823_053849258_Camera_1.jpg 1 0.999584 0.896930
160823_053850258_Camera_1.jpg 0 0.967153 0
160823_053850258_Camera_1.jpg 0 0.277071 0
160823_053850258_Camera_1.jpg 0 0.099889 0
160823_053850258_Camera_1.jpg 0 0.019590 0
160823_053850258_Camera_1.jpg 0 0.013141 0
160823_053850258_Camera_1.jpg 0 0.011203 0
160823_053851258_Camera_1.jpg 0 0.244633 0
160823_053851258_Camera_1.jpg 0 0.011613 0
160823_053851258_Camera_1.jpg 0 0.010230 0
160823_053851258_Camera_1.jpg 1 0.998745 0.834112
160823_053852258_Camera_1.jpg 0 0.994953 0
160823_053852258_Camera_1.jpg 0 0.015675 0
160823_053852258_Camera_1.jpg 1 0.998362 0.820196
160823_053852258_Camera_1.jpg 1 0.995455 0.811401
160823_053852258_Camera_1.jpg 1 0.986160 0.621304
160823_053853258_Camera_1.jpg 0 0.889265 0
160823_053853258_Camera_1.jpg 0 0.011955 0
160823_053853258_Camera_1.jpg 1 0.991002 0.557149
160823_053854258_Camera_1.jpg 0 0.827636 0
160823_053854258_Camera_1.jpg 0 0.030885 0
160823_053854258_Camera_1.jpg 1 0.999700 0.817348
160823_053854258_Camera_1.jpg 1 0 0
160823_053855258_Camera_1.jpg 0 0.197597 0
160823_053855258_Camera_1.jpg 0 0.051780 0
160823_053855258_Camera_1.jpg 0 0.016894 0
160823_053855258_Camera_1.jpg 1 0.933474 0.637982
160823_053856258_Camera_1.jpg 0 0.972166 0
160823_053856258_Camera_1.jpg 0 0.860168 0
160823_053856258_Camera_1.jpg 0 0.010432 0
160823_053856258_Camera_1.jpg 1 0.550125 0.501343
160823_053856258_Camera_1.jpg 1 0 0
160823_053857258_Camera_1.jpg 1 0.998337 0.714118
160823_053857258_Camera_1.jpg 1 0.989639 0.761695
160823_053858258_Camera_1.jpg 0 0.023241 0
160823_053858258_Camera_1.jpg 1 0.888981 0.596619
160823_053858258_Camera_1.jpg 1 0.999560 0.889879
160823_053858258_Camera_1.jpg 1 0.941738 0.533140
160823_053858258_Camera_1.jpg 1 0.857636 0.612751
160823_053859258_Camera_1.jpg 0 0.011834 0
160823_053859258_Camera_1.jpg 1 0.935710 0.719747
160823_053859258_Camera_1.jpg 1 0.995824 0.875454
160823_053859258_Camera_1.jpg 1 0.176409 0.820142
160823_053859258_Camera_1.jpg 1 0.912708 0.666710
160823_053859258_Camera_1.jpg 1 0.025748 0.568885
160823_053859258_Camera_1.jpg 1 0 0
160823_053900258_Camera_1.jpg 0 0.032477 0
160823_053900258_Camera_1.jpg 0 0.014903 0
160823_053900258_Camera_1.jpg 1 0.182470 0.636715
160823_053901258_Camera_1.jpg 0 0.549159 0
160823_053901258_Camera_1.jpg 0 0.195911 0
160823_053901258_Camera_1.jpg 0 0.024148 0
160823_053901258_Camera_1.jpg 0 0.015694 0
160823_053901258_Camera_1.jpg 1 0.995169 0.794895
160823_053902258_Camera_1.jpg 0 0.969013 0
160823_053902258_Camera_1.jpg 0 0.031132 0
160823_053902258_Camera_1.jpg 1 0.989216 0.664685
160823_053902258_Camera_1.jpg 1 0.995836 0.747154
160823_053903258_Camera_1.jpg 0 0.190681 0
160823_053903258_Camera_1.jpg 0 0.080555 0
160823_053903258_Camera_1.jpg 0 0.040557 0
160823_053903258_Camera_1.jpg 0 0.032614 0
160823_053903258_Camera_1.jpg 0 0.013534 0
160823_053903258_Camera_1.jpg 1 0.999253 0.788294
160823_053903258_Camera_1.jpg 1 0.987883 0.691366
160823_053904258_Camera_1.jpg 0 0.243474 0
160823_053904258_Camera_1.jpg 0 0.029107 0
160823_053904258_Camera_1.jpg 0 0.014064 0
160823_053904258_Camera_1.jpg 1 0.997988 0.893268
160823_053904258_Camera_1.jpg 1 0.982734 0.811836
160823_053905258_Camera_1.jpg 0 0.056822 0
160823_053905258_Camera_1.jpg 0 0.041987 0
160823_053905258_Camera_1.jpg 0 0.028882 0
160823_053905258_Camera_1.jpg 1 0.985370 0.753464
160823_053905258_Camera_1.jpg 1 0 0
160823_053906258_Camera_1.jpg 0 0.422954 0
160823_053906258_Camera_1.jpg 0 0.228771 0
160823_053906258_Camera_1.jpg 0 0.091028 0
160823_053907258_Camera_1.jpg 0 0.035030 0
160823_053907258_Camera_1.jpg 1 0.999114 0.821966
160823_053907258_Camera_1.jpg 1 0.046537 0.764460
160823_053908258_Camera_1.jpg 0 0.145622 0
160823_053908258_Camera_1.jpg 0 0.131237 0
160823_053908258_Camera_1.jpg 0 0.021343 0
160823_053908258_Camera_1.jpg 1 0.995458 0.769304
160823_053909258_Camera_1.jpg 0 0.745054 0
160823_053909258_Camera_1.jpg 0 0.017608 0
160823_053909258_Camera_1.jpg 1 0.330817 0.655317
160823_053909258_Camera_1.jpg 1 0.942760 0.803383
160823_053910258_Camera_1.jpg 0 0.671477 0
160823_053910258_Camera_1.jpg 0 0.016578 0
160823_053910258_Camera_1.jpg 0 0.014756 0
160823_053910258_Camera_1.jpg 1 0.996893 0.786914
160823_053911258_Camera_1.jpg 0 0.107885 0
160823_053911258_Camera_1.jpg 1 0.967634 0.843105
160823_053911258_Camera_1.jpg 1 0.974771 0.633043
160823_053912258_Camera_1.jpg 0 0.211753 0
160823_053913258_Camera_1.jpg 0 0.207278 0
160823_053913258_Camera_1.jpg 0 0.014578 0
160823_053915258_Camera_1.jpg 0 0.122303 0
160823_053915258_Camera_1.jpg 0 0.014746 0
160823_053915258_Camera_1.jpg 1 0.980995 0.682503
160823_053915258_Camera_1.jpg 1 0.998013 0.731769
160823_053916258_Camera_1.jpg 0 0.995569 0
160823_053916258_Camera_1.jpg 1 0.986259 0.583968
160823_053917258_Camera_1.jpg 0 0.080146 0
160823_053917258_Camera_1.jpg 1 0.841012 0.824161
160823_053918258_Camera_1.jpg 0 0.106123 0
160823_053918258_Camera_1.jpg 0 0.023250 0
160823_053918258_Camera_1.jpg 0 0.010279 0
160823_053918258_Camera_1.jpg 1 0.883612 0.762960
160823_053919258_Camera_1.jpg 0 0.078813 0
160823_053919258_Camera_1.jpg 0 0.040345 0
160823_053919258_Camera_1.jpg 1 0.991166 0.647341
160823_053920258_Camera_1.jpg 0 0.012794 0
160823_053920258_Camera_1.jpg 1 0.998762 0.745505
160823_053920258_Camera_1.jpg 1 0.380190 0.848164
160823_053921258_Camera_1.jpg 0 0.785522 0
160823_053921258_Camera_1.jpg 0 0.019036 0
160823_053921258_Camera_1.jpg 1 0.988745 0.832603
160823_053922258_Camera_1.jpg 1 0.998233 0.915148
160823_053922258_Camera_1.jpg 1 0.991664 0.750591
160823_053923258_Camera_1.jpg 0 0.028523 0
160823_053923258_Camera_1.jpg 1 0.922271 0.726915
160823_053923258_Camera_1.jpg 1 0.890512 0.693310
160823_053924258_Camera_1.jpg 0 0.565413 0
160823_053924258_Camera_1.jpg 0 0.016149 0
160823_053925258_Camera_1.jpg 0 0.701780 0
160823_053926258_Camera_1.jpg 0 0.819672 0
160823_053926258_Camera_1.jpg 0 0.022885 0
160823_053927258_Camera_1.jpg 0 0.910903 0
160823_053927258_Camera_1.jpg 0 0.293212 0
160823_053927258_Camera_1.jpg 1 0.992405 0.726647
160823_053927258_Camera_1.jpg 1 0 0
160823_053927258_Camera_1.jpg 1 0 0
160823_053928258_Camera_1.jpg 0 0.400913 0
160823_053928258_Camera_1.jpg 1 0.994226 0.834279
160823_053929258_Camera_1.jpg 0 0.021684 0
160823_053929258_Camera_1.jpg 0 0.011117 0
160823_053929258_Camera_1.jpg 1 0.997828 0.868423
160823_053930258_Camera_1.jpg 0 0.011461 0
160823_053930258_Camera_1.jpg 1 0.978390 0.766749
160823_053931258_Camera_1.jpg 0 0.934401 0
160823_053931258_Camera_1.jpg 0 0.032632 0
160823_053932258_Camera_1.jpg 0 0.065822 0
160823_053932258_Camera_1.jpg 1 0.947974 0.709874
160823_053933258_Camera_1.jpg 1 0.286012 0.621314
160823_053935258_Camera_1.jpg 0 0.790187 0
160823_053936258_Camera_1.jpg 0 0.929365 0
160823_053936258_Camera_1.jpg 0 0.145384 0
160823_053937258_Camera_1.jpg 0 0.035711 0
160823_053939258_Camera_1.jpg 0 0.346871 0
160823_053939258_Camera_1.jpg 1 0.999103 0.823866
160823_053940258_Camera_1.jpg 1 0.997403 0.804348
160823_053803259_Camera_2.jpg 0 0.011205 0
160823_053803259_Camera_2.jpg 1 0.999923 0.863340
160823_053804259_Camera_2.jpg 0 0.018993 0
160823_053804259_Camera_2.jpg 1 0.998804 0.761397
160823_053805259_Camera_2.jpg 0 0.987206 0
160823_053805259_Camera_2.jpg 0 0.083811 0
160823_053805259_Camera_2.jpg 1 0 0
160823_053806258_Camera_2.jpg 0 0.059814 0
160823_053806258_Camera_2.jpg 1 0.998585 0.683348
160823_053807258_Camera_2.jpg 1 0.999429 0.724477
160823_053808258_Camera_2.jpg 0 0.719000 0
160823_053808258_Camera_2.jpg 0 0.545241 0
160823_053808258_Camera_2.jpg 0 0.154452 0
160823_053808258_Camera_2.jpg 0 0.016039 0
160823_053808258_Camera_2.jpg 1 0.991836 0.599327
160823_053809258_Camera_2.jpg 0 0.902411 0
160823_053809258_Camera_2.jpg 0 0.832792 0
160823_053809258_Camera_2.jpg 0 0.706104 0
160823_053809258_Camera_2.jpg 0 0.021270 0
160823_053809258_Camera_2.jpg 0 0.020204 0
160823_053809258_Camera_2.jpg 1 0.996554 0.892391
160823_053810258_Camera_2.jpg 0 0.888992 0
160823_053810258_Camera_2.jpg 0 0.523421 0
160823_053810258_Camera_2.jpg 0 0.257612 0
160823_053810258_Camera_2.jpg 0 0.101845 0
160823_053810258_Camera_2.jpg 0 0.058321 0
160823_053810258_Camera_2.jpg 0 0.047278 0
160823_053810258_Camera_2.jpg 0 0.026222 0
160823_053810258_Camera_2.jpg 0 0.017542 0
160823_053810258_Camera_2.jpg 0 0.010199 0
160823_053811258_Camera_2.jpg 0 0.948089 0
160823_053811258_Camera_2.jpg 0 0.527098 0
160823_053811258_Camera_2.jpg 0 0.338783 0
160823_053811258_Camera_2.jpg 0 0.159438 0
160823_053811258_Camera_2.jpg 0 0.067614 0
160823_053811258_Camera_2.jpg 0 0.030480 0
160823_053811258_Camera_2.jpg 0 0.023959 0
160823_053811258_Camera_2.jpg 0 0.016532 0
160823_053811258_Camera_2.jpg 0 0.012494 0
160823_053811258_Camera_2.jpg 1 0.999181 0.768971
160823_053812258_Camera_2.jpg 0 0.981039 0
160823_053812258_Camera_2.jpg 0 0.658562 0
160823_053812258_Camera_2.jpg 0 0.463056 0
160823_053812258_Camera_2.jpg 0 0.177240 0
160823_053812258_Camera_2.jpg 0 0.142131 0
160823_053812258_Camera_2.jpg 1 0.993334 0.863320
160823_053812258_Camera_2.jpg 1 0 0
160823_053813258_Camera_2.jpg 0 0.952364 0
160823_053813258_Camera_2.jpg 0 0.884622 0
160823_053813258_Camera_2.jpg 0 0.749951 0
160823_053813258_Camera_2.jpg 0 0.220867 0
160823_053813258_Camera_2.jpg 0 0.103799 0
160823_053813258_Camera_2.jpg 0 0.035902 0
160823_053813258_Camera_2.jpg 0 0.011255 0
160823_053813258_Camera_2.jpg 1 0 0
160823_053814258_Camera_2.jpg 0 0.082171 0
160823_053814258_Camera_2.jpg 0 0.071150 0
160823_053814258_Camera_2.jpg 1 0.998699 0.748505
160823_053814258_Camera_2.jpg 1 0.989506 0.502413
160823_053815258_Camera_2.jpg 0 0.842545 0
160823_053815258_Camera_2.jpg 0 0.488257 0
160823_053815258_Camera_2.jpg 0 0.265208 0
160823_053815258_Camera_2.jpg 0 0.136906 0
160823_053815258_Camera_2.jpg 0 0.130054 0
160823_053815258_Camera_2.jpg 0 0.010881 0
160823_053815258_Camera_2.jpg 0 0.010315 0
160823_053815258_Camera_2.jpg 1 0.999608 0.848418
160823_053816258_Camera_2.jpg 0 0.894281 0
160823_053816258_Camera_2.jpg 0 0.677630 0
160823_053816258_Camera_2.jpg 0 0.022303 0
160823_053816258_Camera_2.jpg 1 0.999508 0.771117
160823_053817258_Camera_2.jpg 0 0.645636 0
160823_053817258_Camera_2.jpg 0 0.507284 0
160823_053817258_Camera_2.jpg 0 0.335619 0
160823_053817258_Camera_2.jpg 0 0.018038 0
160823_053817258_Camera_2.jpg 0 0.012201 0
160823_053817258_Camera_2.jpg 1 0.996400 0.827873
160823_053818258_Camera_2.jpg 1 0.995498 0.844488
160823_053819258_Camera_2.jpg 0 0.819860 0
160823_053819258_Camera_2.jpg 0 0.381799 0
160823_053819258_Camera_2.jpg 0 0.361634 0
160823_053819258_Camera_2.jpg 0 0.136582 0
160823_053819258_Camera_2.jpg 0 0.085871 0
160823_053819258_Camera_2.jpg 0 0.045976 0
160823_053819258_Camera_2.jpg 0 0.010568 0
160823_053819258_Camera_2.jpg 1 0.968696 0.713545
160823_053820258_Camera_2.jpg 0 0.967359 0
160823_053820258_Camera_2.jpg 0 0.689067 0
160823_053820258_Camera_2.jpg 0 0.053069 0
160823_053820258_Camera_2.jpg 0 0.024864 0
160823_053820258_Camera_2.jpg 0 0.019664 0
160823_053820258_Camera_2.jpg 0 0.014470 0
160823_053820258_Camera_2.jpg 1 0.252508 0.700004
160823_053820258_Camera_2.jpg 1 0 0
160823_053821258_Camera_2.jpg 0 0.050524 0
160823_053821258_Camera_2.jpg 0 0.044762 0
160823_053822258_Camera_2.jpg 0 0.066347 0
160823_053822258_Camera_2.jpg 0 0.011954 0
160823_053823258_Camera_2.jpg 0 0.627469 0
160823_053823258_Camera_2.jpg 0 0.314684 0
160823_053823258_Camera_2.jpg 0 0.048732 0
160823_053823258_Camera_2.jpg 0 0.043422 0
160823_053823258_Camera_2.jpg 0 0.015644 0
160823_053824258_Camera_2.jpg 0 0.700821 0
160823_053824258_Camera_2.jpg 0 0.633196 0
160823_053824258_Camera_2.jpg 0 0.367933 0
160823_053824258_Camera_2.jpg 0 0.309947 0
160823_053824258_Camera_2.jpg 0 0.198609 0
160823_053824258_Camera_2.jpg 0 0.029803 0
160823_053824258_Camera_2.jpg 0 0.020876 0
160823_053824258_Camera_2.jpg 0 0.013945 0
160823_053824258_Camera_2.jpg 0 0.013180 0
160823_053824258_Camera_2.jpg 0 0.011240 0
160823_053825258_Camera_2.jpg 0 0.972058 0
160823_053825258_Camera_2.jpg 0 0.727910 0
160823_053825258_Camera_2.jpg 0 0.444487 0
160823_053825258_Camera_2.jpg 0 0.391909 0
160823_053825258_Camera_2.jpg 0 0.222294 0
160823_053825258_Camera_2.jpg 0 0.105083 0
160823_053825258_Camera_2.jpg 0 0.054359 0
160823_053825258_Camera_2.jpg 0 0.027238 0
160823_053825258_Camera_2.jpg 0 0.026996 0
160823_053825258_Camera_2.jpg 0 0.021720 0
160823_053826258_Camera_2.jpg 0 0.258785 0
160823_053826258_Camera_2.jpg 0 0.074276 0
160823_053826258_Camera_2.jpg 0 0.021011 0
160823_053826258_Camera_2.jpg 0 0.016547 0
160823_053826258_Camera_2.jpg 0 0.016372 0
160823_053826258_Camera_2.jpg 1 0.999741 0.846192
160823_053827258_Camera_2.jpg 0 0.026785 0
160823_053827258_Camera_2.jpg 0 0.016858 0
160823_053827258_Camera_2.jpg 0 0.013783 0
160823_053827258_Camera_2.jpg 1 0.998779 0.889488
160823_053828258_Camera_2.jpg 0 0.061630 0
160823_053828258_Camera_2.jpg 0 0.020061 0
160823_053829258_Camera_2.jpg 0 0.319588 0
160823_053829258_Camera_2.jpg 1 0.992989 0.670003
160823_053830258_Camera_2.jpg 0 0.047941 0
160823_053830258_Camera_2.jpg 0 0.023669 0
160823_053830258_Camera_2.jpg 0 0.017779 0
160823_053830258_Camera_2.jpg 1 0.998321 0.822510
160823_053831258_Camera_2.jpg 0 0.695256 0
160823_053831258_Camera_2.jpg 0 0.085499 0
160823_053831258_Camera_2.jpg 0 0.010365 0
160823_053832258_Camera_2.jpg 1 0.999512 0.886783
160823_053833258_Camera_2.jpg 0 0.037316 0
160823_053833258_Camera_2.jpg 0 0.035811 0
160823_053834258_Camera_2.jpg 0 0.018623 0
160823_053834258_Camera_2.jpg 0 0.011305 0
160823_053834258_Camera_2.jpg 1 0.988923 0.821316
160823_053835258_Camera_2.jpg 0 0.128727 0
160823_053836258_Camera_2.jpg 0 0.018631 0
160823_053836258_Camera_2.jpg 1 0.997250 0.768088
160823_053837258_Camera_2.jpg 0 0.299010 0
160823_053837258_Camera_2.jpg 0 0.239634 0
160823_053837258_Camera_2.jpg 0 0.013684 0
160823_053837258_Camera_2.jpg 0 0.010129 0
160823_053838258_Camera_2.jpg 0 0.356782 0
160823_053838258_Camera_2.jpg 0 0.021900 0
160823_053838258_Camera_2.jpg 1 0.998630 0.747051
160823_053839258_Camera_2.jpg 0 0.847309 0
160823_053839258_Camera_2.jpg 0 0.035748 0
160823_053839258_Camera_2.jpg 1 0.994446 0.811449
160823_053840258_Camera_2.jpg 0 0.042738 0
160823_053840258_Camera_2.jpg 1 0.997667 0.773730
160823_053841258_Camera_2.jpg 0 0.135246 0
160823_053842258_Camera_2.jpg 0 0.484537 0
160823_053842258_Camera_2.jpg 0 0.194078 0
160823_053842258_Camera_2.jpg 0 0.010555 0
160823_053844258_Camera_2.jpg 0 0.525271 0
160823_053844258_Camera_2.jpg 1 0.996844 0.635053
160823_053844258_Camera_2.jpg 1 0 0
160823_053845258_Camera_2.jpg 0 0.980074 0
160823_053845258_Camera_2.jpg 0 0.901349 0
160823_053845258_Camera_2.jpg 0 0.412712 0
160823_053845258_Camera_2.jpg 0 0.012203 0
160823_053845258_Camera_2.jpg 0 0.011625 0
160823_053845258_Camera_2.jpg 1 0 0
160823_053845258_Camera_2.jpg 1 0 0
160823_053846258_Camera_2.jpg 0 0.429192 0
160823_053846258_Camera_2.jpg 0 0.068683 0
160823_053846258_Camera_2.jpg 0 0.024129 0
160823_053846258_Camera_2.jpg 0 0.019354 0
160823_053846258_Camera_2.jpg 0 0.013064 0
160823_053846258_Camera_2.jpg 1 0.994630 0.798007
160823_053846258_Camera_2.jpg 1 0.926991 0.607819
160823_053847258_Camera_2.jpg 0 0.190018 0
160823_053847258_Camera_2.jpg 0 0.011329 0
160823_053847258_Camera_2.jpg 1 0.997326 0.861785
160823_053847258_Camera_2.jpg 1 0.967873 0.666485
160823_053848258_Camera_2.jpg 0 0.897864 0
160823_053848258_Camera_2.jpg 0 0.718586 0
160823_053848258_Camera_2.jpg 0 0.061555 0
160823_053848258_Camera_2.jpg 0 0.042923 0
160823_053848258_Camera_2.jpg 0 0.016390 0
160823_053848258_Camera_2.jpg 0 0.013208 0
160823_053848258_Camera_2.jpg 0 0.010022 0
160823_053848258_Camera_2.jpg 1 0.867916 0.609191
160823_053849258_Camera_2.jpg 0 0.934737 0
160823_053849258_Camera_2.jpg 0 0.891236 0
160823_053849258_Camera_2.jpg 0 0.223965 0
160823_053849258_Camera_2.jpg 0 0.061612 0
160823_053849258_Camera_2.jpg 1 0.999336 0.853894
160823_053850258_Camera_2.jpg 0 0.817289 0
160823_053850258_Camera_2.jpg 0 0.384925 0
160823_053850258_Camera_2.jpg 0 0.143068 0
160823_053850258_Camera_2.jpg 0 0.019201 0
160823_053850258_Camera_2.jpg 0 0.019082 0
160823_053851258_Camera_2.jpg 0 0.316678 0
160823_053851258_Camera_2.jpg 0 0.104960 0
160823_053851258_Camera_2.jpg 0 0.092453 0
160823_053851258_Camera_2.jpg 0 0.081951 0
160823_053851258_Camera_2.jpg 0 0.017494 0
160823_053851258_Camera_2.jpg 0 0.013088 0
160823_053851258_Camera_2.jpg 0 0.011889 0
160823_053851258_Camera_2.jpg 1 0.072096 0.605724
160823_053852258_Camera_2.jpg 0 0.022072 0
160823_053852258_Camera_2.jpg 0 0.011609 0
160823_053852258_Camera_2.jpg 0 0.010116 0
160823_053852258_Camera_2.jpg 1 0.998027 0.666345
160823_053852258_Camera_2.jpg 1 0.458995 0.725682
160823_053853258_Camera_2.jpg 0 0.960743 0
160823_053853258_Camera_2.jpg 0 0.019117 0
160823_053853258_Camera_2.jpg 1 0.998732 0.819412
160823_053853258_Camera_2.jpg 1 0.288383 0.821241
160823_053854258_Camera_2.jpg 0 0.127078 0
160823_053854258_Camera_2.jpg 0 0.121155 0
160823_053854258_Camera_2.jpg 0 0.041077 0
160823_053854258_Camera_2.jpg 1 0.985116 0.513826
160823_053854258_Camera_2.jpg 1 0 0
160823_053855258_Camera_2.jpg 0 0.750620 0
160823_053855258_Camera_2.jpg 0 0.466291 0
160823_053855258_Camera_2.jpg 0 0.029543 0
160823_053855258_Camera_2.jpg 1 0.999537 0.855001
160823_053855258_Camera_2.jpg 1 0.024409 0.854251
160823_053856258_Camera_2.jpg 0 0.739096 0
160823_053856258_Camera_2.jpg 0 0.566778 0
160823_053856258_Camera_2.jpg 0 0.369766 0
160823_053856258_Camera_2.jpg 0 0.158404 0
160823_053856258_Camera_2.jpg 0 0.090637 0
160823_053856258_Camera_2.jpg 1 0.999355 0.845885
160823_053856258_Camera_2.jpg 1 0.997077 0.760608
160823_053857258_Camera_2.jpg 0 0.093163 0
160823_053857258_Camera_2.jpg 0 0.036308 0
160823_053857258_Camera_2.jpg 0 0.032277 0
160823_053857258_Camera_2.jpg 0 0.015709 0
160823_053857258_Camera_2.jpg 1 0.989864 0.720857
160823_053857258_Camera_2.jpg 1 0.974968 0.655193
160823_053858258_Camera_2.jpg 0 0.466631 0
160823_053858258_Camera_2.jpg 0 0.256797 0
160823_053858258_Camera_2.jpg 0 0.050800 0
160823_053858258_Camera_2.jpg 0 0.019534 0
160823_053858258_Camera_2.jpg 0 0.014663 0
160823_053858258_Camera_2.jpg 1 0.999342 0.906027
160823_053858258_Camera_2.jpg 1 0.155399 0.662104
160823_053859258_Camera_2.jpg 0 0.027300 0
160823_053859258_Camera_2.jpg 1 0.995044 0.858725
160823_053859258_Camera_2.jpg 1 0.939456 0.782311
160823_053900258_Camera_2.jpg 0 0.743437 0
160823_053900258_Camera_2.jpg 0 0.190908 0
160823_053900258_Camera_2.jpg 0 0.072534 0
160823_053900258_Camera_2.jpg 0 0.013751 0
160823_053900258_Camera_2.jpg 1 0.999830 0.791319
160823_053900258_Camera_2.jpg 1 0.991448 0.555624
160823_053900258_Camera_2.jpg 1 0.712937 0.625012
160823_053901258_Camera_2.jpg 0 0.142025 0
160823_053901258_Camera_2.jpg 1 0.865456 0.552082
160823_053901258_Camera_2.jpg 1 0.195735 0.804505
160823_053902258_Camera_2.jpg 0 0.080883 0
160823_053902258_Camera_2.jpg 0 0.018705 0
160823_053902258_Camera_2.jpg 0 0.013349 0
160823_053902258_Camera_2.jpg 1 0.999242 0.840388
160823_053902258_Camera_2.jpg 1 0.898453 0.549003
160823_053903258_Camera_2.jpg 0 0.361736 0
160823_053903258_Camera_2.jpg 0 0.050409 0
160823_053903258_Camera_2.jpg 0 0.031004 0
160823_053903258_Camera_2.jpg 1 0.940237 0.633370
160823_053904258_Camera_2.jpg 0 0.140937 0
160823_053904258_Camera_2.jpg 0 0.140638 0
160823_053904258_Camera_2.jpg 0 0.105473 0
160823_053904258_Camera_2.jpg 0 0.045048 0
160823_053904258_Camera_2.jpg 0 0.024555 0
160823_053904258_Camera_2.jpg 0 0.015451 0
160823_053904258_Camera_2.jpg 1 0.998974 0.906407
160823_053904258_Camera_2.jpg 1 0.599028 0.702184
160823_053905258_Camera_2.jpg 0 0.740479 0
160823_053905258_Camera_2.jpg 0 0.084204 0
160823_053905258_Camera_2.jpg 0 0.015487 0
160823_053905258_Camera_2.jpg 1 0.997720 0.874499
160823_053905258_Camera_2.jpg 1 0 0
160823_053906258_Camera_2.jpg 0 0.891091 0
160823_053906258_Camera_2.jpg 0 0.087591 0
160823_053906258_Camera_2.jpg 1 0.993123 0.795358
160823_053906258_Camera_2.jpg 1 0.999621 0.873426
160823_053906258_Camera_2.jpg 1 0.988411 0.831159
160823_053907258_Camera_2.jpg 0 0.747980 0
160823_053907258_Camera_2.jpg 0 0.066119 0
160823_053907258_Camera_2.jpg 0 0.024614 0
160823_053907258_Camera_2.jpg 1 0.999660 0.888736
160823_053907258_Camera_2.jpg 1 0.646371 0.697170
160823_053908258_Camera_2.jpg 1 0.998311 0.819899
160823_053908258_Camera_2.jpg 1 0.992279 0.775942
160823_053908258_Camera_2.jpg 1 0 0
160823_053909258_Camera_2.jpg 0 0.033770 0
160823_053909258_Camera_2.jpg 0 0.010180 0
160823_053909258_Camera_2.jpg 1 0.999714 0.774562
160823_053909258_Camera_2.jpg 1 0.499955 0.709851
160823_053909258_Camera_2.jpg 1 0.976067 0.694359
160823_053910258_Camera_2.jpg 0 0.020052 0
160823_053910258_Camera_2.jpg 1 0.983375 0.654295
160823_053910258_Camera_2.jpg 1 0.921078 0.621758
160823_053911258_Camera_2.jpg 0 0.074201 0
160823_053911258_Camera_2.jpg 0 0.027841 0
160823_053911258_Camera_2.jpg 0 0.024003 0
160823_053911258_Camera_2.jpg 0 0.016086 0
160823_053911258_Camera_2.jpg 0 0.012043 0
160823_053911258_Camera_2.jpg 1 0.999521 0.848646
160823_053911258_Camera_2.jpg 1 0.186142 0.793657
160823_053912258_Camera_2.jpg 0 0.590601 0
160823_053912258_Camera_2.jpg 0 0.388634 0
160823_053912258_Camera_2.jpg 0 0.112057 0
160823_053912258_Camera_2.jpg 0 0.014306 0
160823_053912258_Camera_2.jpg 0 0.013748 0
160823_053912258_Camera_2.jpg 0 0.011054 0
160823_053912258_Camera_2.jpg 1 0.100377 0.558314
160823_053913258_Camera_2.jpg 1 0.989686 0.622822
160823_053913258_Camera_2.jpg 1 0.110730 0.512340
160823_053914258_Camera_2.jpg 0 0.989124 0
160823_053914258_Camera_2.jpg 0 0.058692 0
160823_053914258_Camera_2.jpg 0 0.037168 0
160823_053914258_Camera_2.jpg 0 0.022125 0
160823_053914258_Camera_2.jpg 1 0 0
160823_053915258_Camera_2.jpg 0 0.566025 0
160823_053915258_Camera_2.jpg 0 0.424743 0
160823_053915258_Camera_2.jpg 0 0.062831 0
160823_053915258_Camera_2.jpg 1 0.995752 0.740558
160823_053915258_Camera_2.jpg 1 0 0
160823_053916258_Camera_2.jpg 0 0.206299 0
160823_053916258_Camera_2.jpg 0 0.025913 0
160823_053916258_Camera_2.jpg 1 0.995163 0.695251
160823_053916258_Camera_2.jpg 1 0 0
160823_053917258_Camera_2.jpg 0 0.332714 0
160823_053917258_Camera_2.jpg 0 0.017764 0
160823_053917258_Camera_2.jpg 0 0.015953 0
160823_053917258_Camera_2.jpg 0 0.014107 0
160823_053917258_Camera_2.jpg 1 0 0
160823_053918258_Camera_2.jpg 0 0.881440 0
160823_053918258_Camera_2.jpg 0 0.037366 0
160823_053918258_Camera_2.jpg 1 0 0
160823_053919258_Camera_2.jpg 0 0.991364 0
160823_053920258_Camera_2.jpg 0 0.967723 0
160823_053920258_Camera_2.jpg 0 0.896438 0
160823_053920258_Camera_2.jpg 0 0.022145 0
160823_053920258_Camera_2.jpg 0 0.012466 0
160823_053921258_Camera_2.jpg 0 0.166311 0
160823_053921258_Camera_2.jpg 0 0.149294 0
160823_053921258_Camera_2.jpg 0 0.062776 0
160823_053921258_Camera_2.jpg 0 0.019122 0
160823_053921258_Camera_2.jpg 1 0.910388 0.688733
160823_053921258_Camera_2.jpg 1 0 0
160823_053922258_Camera_2.jpg 0 0.071649 0
160823_053922258_Camera_2.jpg 0 0.021269 0
160823_053922258_Camera_2.jpg 0 0.017946 0
160823_053922258_Camera_2.jpg 0 0.014884 0
160823_053922258_Camera_2.jpg 0 0.011054 0
160823_053922258_Camera_2.jpg 1 0.931815 0.529625
160823_053923258_Camera_2.jpg 0 0.955554 0
160823_053923258_Camera_2.jpg 1 0.985401 0.797416
160823_053923258_Camera_2.jpg 1 0.994695 0.767581
160823_053924258_Camera_2.jpg 0 0.995046 0
160823_053924258_Camera_2.jpg 0 0.820426 0
160823_053924258_Camera_2.jpg 1 0.995609 0.844193
160823_053925258_Camera_2.jpg 0 0.811327 0
160823_053925258_Camera_2.jpg 0 0.109855 0
160823_053925258_Camera_2.jpg 0 0.012876 0
160823_053925258_Camera_2.jpg 0 0.012791 0
160823_053925258_Camera_2.jpg 0 0.012494 0
160823_053925258_Camera_2.jpg 1 0.993530 0.814737
160823_053926258_Camera_2.jpg 0 0.824987 0
160823_053926258_Camera_2.jpg 0 0.669736 0
160823_053926258_Camera_2.jpg 0 0.044812 0
160823_053926258_Camera_2.jpg 0 0.011040 0
160823_053926258_Camera_2.jpg 1 0.939762 0.873292
160823_053927258_Camera_2.jpg 0 0.307014 0
160823_053927258_Camera_2.jpg 0 0.035152 0
160823_053927258_Camera_2.jpg 1 0.990700 0.822860
160823_053927258_Camera_2.jpg 1 0.991004 0.744539
160823_053927258_Camera_2.jpg 1 0.993172 0.840602
160823_053928258_Camera_2.jpg 0 0.984978 0
160823_053928258_Camera_2.jpg 0 0.931649 0
160823_053928258_Camera_2.jpg 0 0.266225 0
160823_053928258_Camera_2.jpg 0 0.018643 0
160823_053928258_Camera_2.jpg 1 0 0
160823_053928258_Camera_2.jpg 1 0 0
160823_053929258_Camera_2.jpg 0 0.050208 0
160823_053929258_Camera_2.jpg 0 0.020585 0
160823_053929258_Camera_2.jpg 0 0.014964 0
160823_053929258_Camera_2.jpg 1 0.999881 0.913173
160823_053930258_Camera_2.jpg 0 0.012834 0
160823_053930258_Camera_2.jpg 1 0.999188 0.851904
160823_053930258_Camera_2.jpg 1 0.955493 0.616295
160823_053931258_Camera_2.jpg 0 0.023741 0
160823_053931258_Camera_2.jpg 0 0.023636 0
160823_053931258_Camera_2.jpg 0 0.010105 0
160823_053931258_Camera_2.jpg 1 0.999503 0.778389
160823_053932258_Camera_2.jpg 0 0.012215 0
160823_053932258_Camera_2.jpg 1 0.983706 0.786911
160823_053933258_Camera_2.jpg 1 0.795674 0.756266
160823_053934258_Camera_2.jpg 0 0.081684 0
160823_053934258_Camera_2.jpg 0 0.044924 0
160823_053934258_Camera_2.jpg 0 0.031551 0
160823_053934258_Camera_2.jpg 0 0.013150 0
160823_053935258_Camera_2.jpg 0 0.781581 0
160823_053935258_Camera_2.jpg 0 0.102243 0
160823_053935258_Camera_2.jpg 0 0.027978 0
160823_053935258_Camera_2.jpg 1 0.999515 0.880128
160823_053936258_Camera_2.jpg 0 0.120323 0
160823_053936258_Camera_2.jpg 1 0.509329 0.693597
160823_053937258_Camera_2.jpg 1 0.995060 0.737256
160823_053938258_Camera_2.jpg 0 0.047415 0
160823_053938258_Camera_2.jpg 1 0.999552 0.830195
160823_053939258_Camera_2.jpg 0 0.052284 0
160823_053939258_Camera_2.jpg 0 0.017422 0
160823_053940258_Camera_2.jpg 1 0.999138 0.717982
160823_053941258_Camera_2.jpg 1 0.196436 0.671742
160823_053941258_Camera_2.jpg 1 0.738610 0.757441
160823_053941258_Camera_2.jpg 1 0.475316 0.617442
160823_053941258_Camera_2.jpg 1 0.927711 0.565658
160823_053942258_Camera_2.jpg 0 0.010928 0
160823_053943258_Camera_2.jpg 0 0.575914 0
160823_053943258_Camera_2.jpg 0 0.097350 0
160823_053757259_Camera_3.jpg 0 0.999317 0
160823_053757259_Camera_3.jpg 0 0.011469 0
160823_053757259_Camera_3.jpg 1 0 0
160823_053759259_Camera_3.jpg 0 0.700209 0
160823_053800259_Camera_3.jpg 0 0.987795 0
160823_053800259_Camera_3.jpg 0 0.010289 0
160823_053801259_Camera_3.jpg 0 0.991090 0
160823_053801259_Camera_3.jpg 0 0.011421 0
160823_053801259_Camera_3.jpg 1 0 0
160823_053802259_Camera_3.jpg 0 0.996868 0
160823_053802259_Camera_3.jpg 1 0 0
160823_053803259_Camera_3.jpg 0 0.997820 0
160823_053803259_Camera_3.jpg 0 0.602110 0
160823_053803259_Camera_3.jpg 0 0.198568 0
160823_053803259_Camera_3.jpg 0 0.053856 0
160823_053803259_Camera_3.jpg 1 0 0
160823_053804259_Camera_3.jpg 0 0.949494 0
160823_053804259_Camera_3.jpg 0 0.051129 0
160823_053804259_Camera_3.jpg 0 0.019181 0
160823_053805259_Camera_3.jpg 0 0.999039 0
160823_053805259_Camera_3.jpg 0 0.994176 0
160823_053805259_Camera_3.jpg 0 0.028508 0
160823_053805259_Camera_3.jpg 1 0 0
160823_053806259_Camera_3.jpg 0 0.999415 0
160823_053806259_Camera_3.jpg 0 0.885418 0
160823_053806259_Camera_3.jpg 0 0.029832 0
160823_053806259_Camera_3.jpg 1 0.998747 0.500416
160823_053806259_Camera_3.jpg 1 0 0
160823_053807258_Camera_3.jpg 0 0.999440 0
160823_053807258_Camera_3.jpg 0 0.998992 0
160823_053807258_Camera_3.jpg 0 0.998097 0
160823_053807258_Camera_3.jpg 0 0.055626 0
160823_053807258_Camera_3.jpg 0 0.014855 0
160823_053807258_Camera_3.jpg 1 0 0
160823_053807258_Camera_3.jpg 1 0 0
160823_053808258_Camera_3.jpg 0 0.999351 0
160823_053808258_Camera_3.jpg 0 0.944899 0
160823_053808258_Camera_3.jpg 0 0.015139 0
160823_053809258_Camera_3.jpg 0 0.643086 0
160823_053809258_Camera_3.jpg 0 0.014073 0
160823_053809258_Camera_3.jpg 0 0.012183 0
160823_053810259_Camera_3.jpg 0 0.932822 0
160823_053810259_Camera_3.jpg 0 0.215895 0
160823_053810259_Camera_3.jpg 0 0.014761 0
160823_053811258_Camera_3.jpg 0 0.999481 0
160823_053811258_Camera_3.jpg 0 0.722117 0
160823_053811258_Camera_3.jpg 0 0.017482 0
160823_053811258_Camera_3.jpg 1 0 0
160823_053812258_Camera_3.jpg 0 0.999392 0
160823_053812258_Camera_3.jpg 0 0.998434 0
160823_053812258_Camera_3.jpg 0 0.951721 0
160823_053812258_Camera_3.jpg 0 0.208887 0
160823_053812258_Camera_3.jpg 0 0.053716 0
160823_053812258_Camera_3.jpg 0 0.013117 0
160823_053812258_Camera_3.jpg 1 0 0
160823_053813258_Camera_3.jpg 0 0.997642 0
160823_053813258_Camera_3.jpg 0 0.984375 0
160823_053813258_Camera_3.jpg 0 0.071934 0
160823_053813258_Camera_3.jpg 0 0.039891 0
160823_053813258_Camera_3.jpg 1 0.999371 0.661369
160823_053813258_Camera_3.jpg 1 0.978695 0.588550
160823_053814258_Camera_3.jpg 0 0.999897 0
160823_053814258_Camera_3.jpg 0 0.997936 0
160823_053814258_Camera_3.jpg 0 0.820809 0
160823_053814258_Camera_3.jpg 0 0.022329 0
160823_053814258_Camera_3.jpg 0 0.013978 0
160823_053814258_Camera_3.jpg 1 0 0
160823_053814258_Camera_3.jpg 1 0 0
160823_053815258_Camera_3.jpg 0 0.999410 0
160823_053815258_Camera_3.jpg 0 0.997942 0
160823_053815258_Camera_3.jpg 0 0.697816 0
160823_053815258_Camera_3.jpg 0 0.116303 0
160823_053815258_Camera_3.jpg 1 0 0
160823_053815258_Camera_3.jpg 1 0 0
160823_053816258_Camera_3.jpg 0 0.994474 0
160823_053816258_Camera_3.jpg 0 0.921076 0
160823_053816258_Camera_3.jpg 0 0.047046 0
160823_053816258_Camera_3.jpg 0 0.033506 0
160823_053816258_Camera_3.jpg 1 0.998741 0.746636
160823_053818259_Camera_3.jpg 0 0.947426 0
160823_053819258_Camera_3.jpg 0 0.830695 0
160823_053820258_Camera_3.jpg 0 0.980681 0
160823_053820258_Camera_3.jpg 0 0.077988 0
160823_053820258_Camera_3.jpg 0 0.053705 0
160823_053820258_Camera_3.jpg 0 0.045648 0
160823_053820258_Camera_3.jpg 0 0.045250 0
160823_053820258_Camera_3.jpg 0 0.039666 0
160823_053821258_Camera_3.jpg 0 0.875800 0
160823_053821258_Camera_3.jpg 0 0.874824 0
160823_053821258_Camera_3.jpg 0 0.520413 0
160823_053821258_Camera_3.jpg 0 0.056006 0
160823_053821258_Camera_3.jpg 0 0.019112 0
160823_053822258_Camera_3.jpg 0 0.908003 0
160823_053822258_Camera_3.jpg 0 0.051504 0
160823_053822258_Camera_3.jpg 0 0.020081 0
160823_053823258_Camera_3.jpg 0 0.016966 0
160823_053823258_Camera_3.jpg 0 0.012370 0
160823_053823258_Camera_3.jpg 1 0.998833 0.714444
160823_053841258_Camera_3.jpg 0 0.896133 0
160823_053842259_Camera_3.jpg 0 0.996825 0
160823_053842259_Camera_3.jpg 0 0.988909 0
160823_053842259_Camera_3.jpg 0 0.018762 0
160823_053842259_Camera_3.jpg 1 0 0
160823_053843258_Camera_3.jpg 0 0.998035 0
160823_053843258_Camera_3.jpg 0 0.997254 0
160823_053843258_Camera_3.jpg 0 0.995330 0
160823_053843258_Camera_3.jpg 0 0.015103 0
160823_053843258_Camera_3.jpg 1 0 0
160823_053843258_Camera_3.jpg 1 0 0
160823_053843258_Camera_3.jpg 1 0 0
160823_053844258_Camera_3.jpg 0 0.996816 0
160823_053844258_Camera_3.jpg 0 0.950468 0
160823_053844258_Camera_3.jpg 0 0.931276 0
160823_053844258_Camera_3.jpg 0 0.015216 0
160823_053844258_Camera_3.jpg 1 0 0
160823_053845258_Camera_3.jpg 0 0.872793 0
160823_053845258_Camera_3.jpg 0 0.619608 0
160823_053845258_Camera_3.jpg 0 0.368180 0
160823_053845258_Camera_3.jpg 0 0.244849 0
160823_053845258_Camera_3.jpg 1 0.999379 0.794715
160823_053846258_Camera_3.jpg 0 0.998959 0
160823_053846258_Camera_3.jpg 0 0.983513 0
160823_053846258_Camera_3.jpg 0 0.858413 0
160823_053846258_Camera_3.jpg 0 0.039860 0
160823_053846258_Camera_3.jpg 1 0.996796 0.715498
160823_053847258_Camera_3.jpg 0 0.996593 0
160823_053847258_Camera_3.jpg 0 0.996148 0
160823_053847258_Camera_3.jpg 0 0.994440 0
160823_053847258_Camera_3.jpg 0 0.988622 0
160823_053847258_Camera_3.jpg 0 0.231389 0
160823_053847258_Camera_3.jpg 0 0.018501 0
160823_053847258_Camera_3.jpg 1 0 0
160823_053847258_Camera_3.jpg 1 0 0
160823_053848258_Camera_3.jpg 0 0.282802 0
160823_053848258_Camera_3.jpg 0 0.017915 0
160823_053848258_Camera_3.jpg 1 0.999685 0.689313
160823_053849258_Camera_3.jpg 0 0.998955 0
160823_053849258_Camera_3.jpg 0 0.055724 0
160823_053849258_Camera_3.jpg 0 0.010065 0
160823_053850258_Camera_3.jpg 0 0.999827 0
160823_053850258_Camera_3.jpg 0 0.997086 0
160823_053850258_Camera_3.jpg 0 0.014312 0
160823_053850258_Camera_3.jpg 0 0.013418 0
160823_053850258_Camera_3.jpg 1 0 0
160823_053850258_Camera_3.jpg 1 0 0
160823_053851258_Camera_3.jpg 0 0.999857 0
160823_053851258_Camera_3.jpg 0 0.899055 0
160823_053851258_Camera_3.jpg 0 0.014090 0
160823_053852258_Camera_3.jpg 0 0.999238 0
160823_053852258_Camera_3.jpg 0 0.992616 0
160823_053852258_Camera_3.jpg 0 0.051778 0
160823_053852258_Camera_3.jpg 0 0.040329 0
160823_053852258_Camera_3.jpg 0 0.030250 0
160823_053852258_Camera_3.jpg 0 0.023549 0
160823_053853258_Camera_3.jpg 0 0.987085 0
160823_053853258_Camera_3.jpg 0 0.040085 0
160823_053853258_Camera_3.jpg 1 0.999532 0.559412
160823_053854258_Camera_3.jpg 0 0.998934 0
160823_053854258_Camera_3.jpg 0 0.251949 0
160823_053854258_Camera_3.jpg 0 0.244057 0
160823_053855258_Camera_3.jpg 0 0.998184 0
160823_053855258_Camera_3.jpg 0 0.016788 0
160823_053855258_Camera_3.jpg 1 0 0
160823_053856258_Camera_3.jpg 0 0.994117 0
160823_053856258_Camera_3.jpg 0 0.991153 0
160823_053857258_Camera_3.jpg 0 0.973057 0
160823_053857258_Camera_3.jpg 1 0.999584 0.791522
160823_053858258_Camera_3.jpg 0 0.048695 0
160823_053858258_Camera_3.jpg 1 0.994727 0.535329
160823_053859258_Camera_3.jpg 0 0.995814 0
160823_053859258_Camera_3.jpg 0 0.309171 0
160823_053859258_Camera_3.jpg 1 0 0
160823_053901258_Camera_3.jpg 0 0.997851 0
160823_053902258_Camera_3.jpg 0 0.999701 0
160823_053902258_Camera_3.jpg 0 0.985882 0
160823_053902258_Camera_3.jpg 0 0.309145 0
160823_053902258_Camera_3.jpg 1 0 0
160823_053903258_Camera_3.jpg 0 0.998592 0
160823_053903258_Camera_3.jpg 1 0.999827 0.632448
160823_053904258_Camera_3.jpg 0 0.996250 0
160823_053904258_Camera_3.jpg 1 0 0
160823_053905258_Camera_3.jpg 0 0.970886 0
160823_053906258_Camera_3.jpg 0 0.999050 0
160823_053906258_Camera_3.jpg 1 0 0
160823_053907258_Camera_3.jpg 0 0.697267 0
160823_053908258_Camera_3.jpg 0 0.436582 0
160823_053908258_Camera_3.jpg 0 0.163896 0
160823_053908258_Camera_3.jpg 1 0.960682 0.726162
160823_053911258_Camera_3.jpg 0 0.025846 0
160823_053912258_Camera_3.jpg 0 0.650722 0
160823_053912258_Camera_3.jpg 0 0.078379 0
160823_053913258_Camera_3.jpg 0 0.366463 0
160823_053913258_Camera_3.jpg 0 0.243127 0
160823_053914258_Camera_3.jpg 0 0.994291 0
160823_053914258_Camera_3.jpg 0 0.907894 0
160823_053914258_Camera_3.jpg 0 0.052195 0
160823_053914258_Camera_3.jpg 0 0.045296 0
160823_053914258_Camera_3.jpg 0 0.014432 0
160823_053914258_Camera_3.jpg 1 0 0
160823_053915258_Camera_3.jpg 0 0.886859 0
160823_053915258_Camera_3.jpg 0 0.427649 0
160823_053915258_Camera_3.jpg 1 0 0
160823_053918258_Camera_3.jpg 0 0.999791 0
160823_053918258_Camera_3.jpg 1 0 0
160823_053919258_Camera_3.jpg 0 0.992277 0
160823_053919258_Camera_3.jpg 0 0.238851 0
160823_053921258_Camera_3.jpg 0 0.994611 0
160823_053924258_Camera_3.jpg 0 0.436579 0
160823_053926258_Camera_3.jpg 0 0.999616 0
160823_053927258_Camera_3.jpg 0 0.954822 0
160823_053927258_Camera_3.jpg 1 0.999101 0.815763
160823_053927258_Camera_3.jpg 1 0 0
160823_053928258_Camera_3.jpg 0 0.999913 0
160823_053928258_Camera_3.jpg 0 0.515899 0
160823_053928258_Camera_3.jpg 0 0.112229 0
160823_053928258_Camera_3.jpg 1 0 0
160823_053931258_Camera_3.jpg 0 0.972633 0
160823_053931258_Camera_3.jpg 0 0.229430 0
160823_053932258_Camera_3.jpg 0 0.364731 0
160823_053937258_Camera_3.jpg 0 0.999238 0
160823_053938258_Camera_3.jpg 0 0.999332 0
160823_053800259_Camera_4.jpg 0 0.983373 0
160823_053800259_Camera_4.jpg 0 0.424237 0
160823_053800259_Camera_4.jpg 0 0.062712 0
160823_053801259_Camera_4.jpg 0 0.998934 0
160823_053801259_Camera_4.jpg 0 0.101559 0
160823_053801259_Camera_4.jpg 0 0.036397 0
160823_053801259_Camera_4.jpg 0 0.010454 0
160823_053802259_Camera_4.jpg 0 0.634931 0
160823_053802259_Camera_4.jpg 0 0.535691 0
160823_053802259_Camera_4.jpg 0 0.027801 0
160823_053803259_Camera_4.jpg 0 0.075172 0
160823_053803259_Camera_4.jpg 0 0.021840 0
160823_053803259_Camera_4.jpg 1 0.953972 0.768716
160823_053804259_Camera_4.jpg 0 0.016389 0
160823_053804259_Camera_4.jpg 1 0.973650 0.807529
160823_053805259_Camera_4.jpg 0 0.718445 0
160823_053805259_Camera_4.jpg 0 0.091713 0
160823_053805259_Camera_4.jpg 1 0.999041 0.881655
160823_053806258_Camera_4.jpg 0 0.822340 0
160823_053806258_Camera_4.jpg 0 0.114879 0
160823_053807258_Camera_4.jpg 0 0.966183 0
160823_053807258_Camera_4.jpg 0 0.787474 0
160823_053807258_Camera_4.jpg 0 0.250148 0
160823_053807258_Camera_4.jpg 0 0.020045 0
160823_053808258_Camera_4.jpg 0 0.890821 0
160823_053808258_Camera_4.jpg 0 0.734346 0
160823_053808258_Camera_4.jpg 0 0.706445 0
160823_053808258_Camera_4.jpg 0 0.044279 0
160823_053808258_Camera_4.jpg 0 0.018292 0
160823_053808258_Camera_4.jpg 0 0.011357 0
160823_053808258_Camera_4.jpg 1 0.999319 0.836912
160823_053809258_Camera_4.jpg 0 0.957273 0
160823_053809258_Camera_4.jpg 0 0.678074 0
160823_053809258_Camera_4.jpg 0 0.433170 0
160823_053809258_Camera_4.jpg 0 0.157328 0
160823_053809258_Camera_4.jpg 0 0.033387 0
160823_053809258_Camera_4.jpg 1 0.999549 0.883966
160823_053810258_Camera_4.jpg 0 0.733065 0
160823_053810258_Camera_4.jpg 0 0.290400 0
160823_053810258_Camera_4.jpg 0 0.029598 0
160823_053811258_Camera_4.jpg 0 0.249602 0
160823_053811258_Camera_4.jpg 0 0.012443 0
160823_053812258_Camera_4.jpg 0 0.024084 0
160823_053812258_Camera_4.jpg 1 0.999360 0.919278
160823_053813258_Camera_4.jpg 0 0.445087 0
160823_053813258_Camera_4.jpg 1 0.998174 0.904484
160823_053814258_Camera_4.jpg 0 0.107392 0
160823_053814258_Camera_4.jpg 0 0.014481 0
160823_053815258_Camera_4.jpg 0 0.159411 0
160823_053816258_Camera_4.jpg 0 0.245375 0
160823_053817258_Camera_4.jpg 0 0.959984 0
160823_053817258_Camera_4.jpg 0 0.025488 0
160823_053818258_Camera_4.jpg 0 0.035499 0
160823_053819258_Camera_4.jpg 0 0.154668 0
160823_053819258_Camera_4.jpg 0 0.153604 0
160823_053819258_Camera_4.jpg 0 0.077844 0
160823_053820258_Camera_4.jpg 0 0.018925 0
160823_053820258_Camera_4.jpg 0 0.010141 0
160823_053821258_Camera_4.jpg 1 0.992384 0.725236
160823_053822258_Camera_4.jpg 1 0.999527 0.806573
160823_053823258_Camera_4.jpg 0 0.029139 0
160823_053823258_Camera_4.jpg 1 0.999738 0.883314
160823_053824258_Camera_4.jpg 1 0.997565 0.822450
160823_053825258_Camera_4.jpg 0 0.240058 0
160823_053825258_Camera_4.jpg 1 0.999427 0.777119
160823_053825258_Camera_4.jpg 1 0.995411 0.910635
160823_053826258_Camera_4.jpg 1 0.997363 0.855589
160823_053827258_Camera_4.jpg 0 0.960771 0
160823_053827258_Camera_4.jpg 0 0.306131 0
160823_053828258_Camera_4.jpg 0 0.616225 0
160823_053828258_Camera_4.jpg 0 0.049231 0
160823_053828258_Camera_4.jpg 0 0.021533 0
160823_053828258_Camera_4.jpg 0 0.016205 0
160823_053828258_Camera_4.jpg 1 0.979457 0.801299
160823_053830258_Camera_4.jpg 0 0.062351 0
160823_053830258_Camera_4.jpg 0 0.011586 0
160823_053830258_Camera_4.jpg 1 0.999770 0.880382
160823_053831258_Camera_4.jpg 0 0.124429 0
160823_053831258_Camera_4.jpg 1 0.999600 0.790772
160823_053832258_Camera_4.jpg 0 0.082631 0
160823_053835258_Camera_4.jpg 0 0.053123 0
160823_053835258_Camera_4.jpg 1 0.998943 0.662417
160823_053836258_Camera_4.jpg 0 0.033510 0
160823_053837258_Camera_4.jpg 0 0.726904 0
160823_053837258_Camera_4.jpg 0 0.011083 0
160823_053837258_Camera_4.jpg 1 0.971279 0.743245
160823_053838258_Camera_4.jpg 1 0.999222 0.729482
160823_053841258_Camera_4.jpg 1 0.992564 0.797665
160823_053842258_Camera_4.jpg 0 0.023383 0
160823_053842258_Camera_4.jpg 1 0.999221 0.921647
160823_053844258_Camera_4.jpg 1 0.996600 0.868752
160823_053845258_Camera_4.jpg 0 0.039138 0
160823_053845258_Camera_4.jpg 1 0.999765 0.876243
160823_053847258_Camera_4.jpg 0 0.013823 0
160823_053847258_Camera_4.jpg 1 0.944398 0.902164
160823_053847258_Camera_4.jpg 1 0 0
160823_053848258_Camera_4.jpg 1 0.998977 0.960926
160823_053849258_Camera_4.jpg 0 0.013841 0
160823_053849258_Camera_4.jpg 1 0.999759 0.830007
160823_053850258_Camera_4.jpg 0 0.011750 0
160823_053850258_Camera_4.jpg 1 0.999634 0.869092
160823_053851258_Camera_4.jpg 1 0.999603 0.823592
160823_053852258_Camera_4.jpg 0 0.068867 0
160823_053852258_Camera_4.jpg 0 0.043196 0
160823_053853258_Camera_4.jpg 0 0.011345 0
160823_053853258_Camera_4.jpg 1 0.988143 0.773249
160823_053854258_Camera_4.jpg 0 0.043858 0
160823_053854258_Camera_4.jpg 0 0.018295 0
160823_053855258_Camera_4.jpg 1 0.999199 0.845893
160823_053856258_Camera_4.jpg 0 0.025561 0
160823_053856258_Camera_4.jpg 0 0.014658 0
160823_053856258_Camera_4.jpg 1 0.999471 0.928273
160823_053859258_Camera_4.jpg 0 0.082718 0
160823_053901258_Camera_4.jpg 1 0.999047 0.958508
160823_053904258_Camera_4.jpg 1 0.999630 0.878652
160823_053905258_Camera_4.jpg 0 0.178737 0
160823_053905258_Camera_4.jpg 0 0.018599 0
160823_053907258_Camera_4.jpg 1 0.995865 0.814412
160823_053910258_Camera_4.jpg 0 0.049718 0
160823_053910258_Camera_4.jpg 1 0.994300 0.863418
160823_053912258_Camera_4.jpg 0 0.150366 0
160823_053913258_Camera_4.jpg 1 0.999841 0.814567
160823_053916258_Camera_4.jpg 0 0.732157 0
160823_053917258_Camera_4.jpg 0 0.044741 0
160823_053919258_Camera_4.jpg 0 0.255946 0
160823_053919258_Camera_4.jpg 0 0.035176 0
160823_053919258_Camera_4.jpg 0 0.014339 0
160823_053920258_Camera_4.jpg 0 0.173814 0
160823_053920258_Camera_4.jpg 0 0.019614 0
160823_053920258_Camera_4.jpg 1 0 0
160823_053921258_Camera_4.jpg 0 0.528873 0
160823_053921258_Camera_4.jpg 0 0.080701 0
160823_053921258_Camera_4.jpg 1 0 0
160823_053929258_Camera_4.jpg 1 0.999757 0.921810
160823_053930258_Camera_4.jpg 0 0.026005 0
160823_053930258_Camera_4.jpg 0 0.024268 0
160823_053931258_Camera_4.jpg 0 0.013006 0
160823_053931258_Camera_4.jpg 0 0.012739 0
160823_053932258_Camera_4.jpg 1 0.999950 0.820455
160823_053933258_Camera_4.jpg 0 0.031559 0
160823_053933258_Camera_4.jpg 0 0.028057 0
160823_053933258_Camera_4.jpg 0 0.014893 0
160823_053933258_Camera_4.jpg 1 0.999855 0.934334
160823_053934258_Camera_4.jpg 0 0.044994 0
160823_053934258_Camera_4.jpg 1 0.998280 0.910611
160823_053935258_Camera_4.jpg 0 0.061480 0
160823_053935258_Camera_4.jpg 0 0.023169 0
160823_053937258_Camera_4.jpg 0 0.016190 0
160823_053937258_Camera_4.jpg 1 0.999251 0.855254
